 6.40037942340758370108e+00
 6.40037942340758370108e+00
 6.39663052889849215177e+00
 6.38920359893389822048e+00
 6.37824054159016462506e+00
 6.36396035093209189171e+00
 6.34669769220759594219e+00
 6.32709821963965524105e+00
 6.30704668157038916831e+00
 6.30052453399833911618e+00
 6.21069197410642015456e+00
 6.04672633093680556016e+00
 5.82365761644455837143e+00
 5.55833047909023392208e+00
 5.26750982434003667265e+00
 4.96630818189209666258e+00
 4.66714790646331056934e+00
 4.37930987310978014904e+00
 4.10899018153240014328e+00
 3.85971339498355181519e+00
 3.63293408688391261663e+00
 3.42868139545045735872e+00
 3.24614362183444571386e+00
 3.08413520070750557522e+00
 2.94142659615640278403e+00
 2.81694463786000914851e+00
 2.70986633207907257059e+00
 2.61963525569828314943e+00
 2.54592908069717926978e+00
 2.48860235897035497743e+00
 2.44762271898701966322e+00
 2.42301271928618522367e+00
 2.41480472778177324145e+00
 2.42301271941352691641e+00
 2.44762271921997065505e+00
 2.48860235926581196964e+00
 2.54592908099147274825e+00
 2.61963525590937607035e+00
 2.70986633210445981845e+00
 2.81694463757910984469e+00
 2.94142659543035245306e+00
 3.08413519937742908184e+00
 3.24614361971839393561e+00
 3.42868139233802926569e+00
 3.63293408253067839908e+00
 3.85971338910642014497e+00
 4.10899017380685638301e+00
 4.37930986317162052046e+00
 4.66714789392142481717e+00
 4.96630816635115479585e+00
 5.26750980542909985616e+00
 5.55833045650075430189e+00
 5.82365758998447091699e+00
 6.04672630056918514185e+00
 6.21069193997485591296e+00
 6.30052449643704370885e+00
 6.30704663963774869728e+00
 6.32709816958304127610e+00
 6.34669763488584237621e+00
 6.36396028736902064082e+00
 6.37824047291281814864e+00
 6.38920352630117172055e+00
 6.39663045345682235165e+00
 6.40037934627264704091e+00
 6.40037934566458144303e+00
 0.00000000000000000000e+00
-5.10986818410598137713e-04
-3.67867966148085557068e-03
-1.95335736026038368773e-02
-9.77001927840948358739e-02
-4.80371952482204378487e-01
-2.34324223427593159030e+00
-1.13694544127524128641e+01
-5.49335119886981431137e+01
 4.31759535103716098092e+03
 4.16940473446958731074e+03
 3.94016742017387423402e+03
 3.61001594565703271655e+03
 3.16817268625203405463e+03
 2.61968068790236111454e+03
 1.98675896928622182713e+03
 1.30501150343458493808e+03
 6.16470138865032481590e+02
-3.80033052754908027282e+01
-6.24908180620194912080e+02
-1.12179986512008599675e+03
-1.51833482153302134066e+03
-1.81515353710847330149e+03
-2.02138333936795515910e+03
-2.15156364049424655605e+03
-2.22265147951935568926e+03
-2.25154957579663323486e+03
-2.25337749025492439614e+03
-2.24051715421761309699e+03
-2.22232548734554484327e+03
-2.20532401462280222404e+03
-2.19364417235130804329e+03
-2.18951786152826980469e+03
-2.19364417408137887833e+03
-2.20532401805755353053e+03
-2.22232549244160964008e+03
-2.24051716092845708772e+03
-2.25337749855265792576e+03
-2.25154958569937207358e+03
-2.22265149112071730997e+03
-2.15156365398904563335e+03
-2.02138335506528255792e+03
-1.81515355542103270636e+03
-1.51833484293139099464e+03
-1.12179989004302456124e+03
-6.24908209339831614670e+02
-3.80033377290026095352e+01
 6.16470103247427573478e+02
 1.30501146585574701930e+03
 1.98675893159819020184e+03
 2.61968065245046045675e+03
 3.16817265551536183921e+03
 3.61001592171746506210e+03
 3.94016740413018351319e+03
 4.16940472598345513688e+03
 4.31759534820630142349e+03
-5.49335125625963485163e+01
-1.13694545393398254163e+01
-2.34324226227212983886e+00
-4.80371958694599254791e-01
-9.77001941653351801964e-02
-1.95335739071581700188e-02
-3.67867972481494874895e-03
-5.10986827946289167909e-04
 0.00000000000000000000e+00
 0.00000000000000000000e+00
-5.17711497277603118969e-04
-3.72697973919078372543e-03
-1.97882249349407776662e-02
-9.89579249084474588116e-02
-4.86450143543304847071e-01
-2.37228487057043446740e+00
-1.15071816919075153862e+01
-5.55831550513701415639e+01
 4.31562687709561123484e+03
 4.16574580503760171268e+03
 3.93478583475259256375e+03
 3.60356353419967808804e+03
 3.16191880543261686398e+03
 2.61524922726938621054e+03
 1.98573806622906454322e+03
 1.30853997855642251125e+03
 6.24907666034556427803e+02
-2.52430607653467369289e+01
-6.09329893547594565462e+02
-1.10562399465027988299e+03
-1.50417891926962056459e+03
-1.80567360702174119069e+03
-2.01894608704643223973e+03
-2.15799856721647302038e+03
-2.23910343489445267551e+03
-2.27842724634905835046e+03
-2.29037747175208141925e+03
-2.28669813541953590175e+03
-2.27621021618362919980e+03
-2.26501385620555311107e+03
-2.25693823260065710201e+03
-2.25403353706881625840e+03
-2.25693823369126903344e+03
-2.26501385836583312994e+03
-2.27621021937671957858e+03
-2.28669813960265491914e+03
-2.29037747689120806172e+03
-2.27842725243727636553e+03
-2.23910344197183394499e+03
-2.15799857538775540888e+03
-2.01894609649102585536e+03
-1.80567361798925526273e+03
-1.50417893205363975540e+03
-1.10562400953473684240e+03
-6.09329910724214073525e+02
-2.52430802287196094369e+01
 6.24907644596714249019e+02
 1.30853995584717745260e+03
 1.98573804336001694537e+03
 2.61524920567164190288e+03
 3.16191878663882289402e+03
 3.60356351951456963434e+03
 3.93478582488392885352e+03
 4.16574579980551425251e+03
 4.31562687534582164517e+03
-5.55831554071706435138e+01
-1.15071817704929610926e+01
-2.37228488797877012928e+00
-4.86450147414122680001e-01
-9.89579257712451393347e-02
-1.97882251257451430293e-02
-3.72697977899204453689e-03
-5.17711503285125289667e-04
 0.00000000000000000000e+00
 0.00000000000000000000e+00
-5.20250620491135456515e-04
-3.74610256205543242988e-03
-1.98939698753036013634e-02
-9.95002356650821762063e-02
-4.89144515291101422694e-01
-2.38542736158562895810e+00
-1.15705412353345806764e+01
-5.58864242448899659621e+01
 4.31479591375670588604e+03
 4.16440371558508013550e+03
 3.93285864382231784475e+03
 3.60106442628348850121e+03
 3.15898559323029894585e+03
 2.61214472377245238022e+03
 1.98279483700389687328e+03
 1.30605703623963677273e+03
 6.23030554762697988735e+02
-2.66184743114750546056e+01
-6.10598380633686247165e+02
-1.10744509176429278341e+03
-1.50739378457820453150e+03
-1.81118844502370484406e+03
-2.02761004699457680545e+03
-2.17049917091641191291e+03
-2.25589288416058798248e+03
-2.29968291712731843290e+03
-2.31599272737895944374e+03
-2.31629642820052004026e+03
-2.30917561052880228090e+03
-2.30053294781216663978e+03
-2.29405032112337994477e+03
-2.29168689360138796474e+03
-2.29405032178770625251e+03
-2.30053294912612182088e+03
-2.30917561246616014614e+03
-2.31629643072985891195e+03
-2.31599273047291171679e+03
-2.29968292077415662789e+03
-2.25589288837679896460e+03
-2.17049917575802874126e+03
-2.02761005256400244434e+03
-1.81118845146794774337e+03
-1.50739379207415095152e+03
-1.10744510048750134956e+03
-6.10598390709364252871e+02
-2.66184857511120398499e+01
 6.23030542128853767281e+02
 1.30605702281593949010e+03
 1.98279482344355346868e+03
 2.61214471092740541280e+03
 3.15898558202203776091e+03
 3.60106441750441172189e+03
 3.93285863791073461471e+03
 4.16440371244592006406e+03
 4.31479591270547643944e+03
-5.58864244588906728950e+01
-1.15705412826469782317e+01
-2.38542737207877975081e+00
-4.89144517627695063489e-01
-9.95002361868126405930e-02
-1.98939699909121796295e-02
-3.74610258622003634149e-03
-5.20250624144381890179e-04
 0.00000000000000000000e+00
 0.00000000000000000000e+00
-5.19708628395469033993e-04
-3.74436960345761677207e-03
-1.98969158872706539110e-02
-9.95643321316345281113e-02
-4.89637575916413436694e-01
-2.38845278492277968141e+00
-1.15874377801382717479e+01
-5.59766539212746039311e+01
 4.31474613443059570272e+03
 4.16485440821850716020e+03
 3.93375903741530464686e+03
 3.60195138258182669233e+03
 3.15912559427501173559e+03
 2.61076265736111190563e+03
 1.97928497769136993156e+03
 1.30010264172539109495e+03
 6.14612839180843366194e+02
-3.72955660700507465322e+01
-6.23220592446276100418e+02
-1.12169389115089620645e+03
-1.52301921686829359714e+03
-1.82804078067099044347e+03
-2.04563583794409873917e+03
-2.18971376224196137628e+03
-2.27634200371821680164e+03
-2.32140336804009029947e+03
-2.33897883792720904239e+03
-2.34047614097415907963e+03
-2.33439822930138871016e+03
-2.32656926493912487786e+03
-2.32060463848358767791e+03
-2.31841908059207571569e+03
-2.32060463888808271804e+03
-2.32656926573826194726e+03
-2.33439823047738354944e+03
-2.34047614250517244727e+03
-2.33897883979299012935e+03
-2.32140337022912763132e+03
-2.27634200623561218890e+03
-2.18971376511676680821e+03
-2.04563584123410873872e+03
-1.82804078446248331602e+03
-1.52301922126790918810e+03
-1.12169389626727434006e+03
-6.23220598360666713234e+02
-3.72955727979375240011e+01
 6.14612831731190567552e+02
 1.30010263378634294895e+03
 1.97928496964656824275e+03
 2.61076264971747377786e+03
 3.15912558758651903190e+03
 3.60195137732995044644e+03
 3.93375903387166545144e+03
 4.16485440633400594379e+03
 4.31474613379911897937e+03
-5.59766540498038693840e+01
-1.15874378085882767664e+01
-2.38845279124273313087e+00
-4.89637577326529571664e-01
-9.95643324469812768251e-02
-1.98969159572611048459e-02
-3.74436961811119069926e-03
-5.19708630613776169198e-04
 0.00000000000000000000e+00
 0.00000000000000000000e+00
-5.16538812688319831645e-04
-3.72537080421801031216e-03
-1.98178502689674088111e-02
-9.92604441202350057383e-02
-4.88489588708419353313e-01
-2.38413641219448146913e+00
-1.15713927298188821169e+01
-5.59190411777477365263e+01
 4.31531343400638525054e+03
 4.16687701520678456291e+03
 3.93721227968427956512e+03
 3.60590507836593042157e+03
 3.16200613960113651046e+03
 2.61081797632928373787e+03
 1.97505256269400524616e+03
 1.29072604886512363009e+03
 5.99945754303000853724e+02
-5.67722871684189769326e+01
-6.46595942882906228988e+02
-1.14785805781449835195e+03
-1.55086876381178490192e+03
-1.85662502429259347991e+03
-2.07423623494124240096e+03
-2.21786424973588782450e+03
-2.30380601433423680646e+03
-2.34812498081728017496e+03
-2.36502379780278170074e+03
-2.36597519668449649544e+03
-2.35950146973554092256e+03
-2.35141633489284959069e+03
-2.34531207203260146343e+03
-2.34308267560073090863e+03
-2.34531207229740039111e+03
-2.35141633541529199647e+03
-2.35950147050258783565e+03
-2.36597519767978565142e+03
-2.36502379901039103061e+03
-2.34812498222651947799e+03
-2.30380601594494646633e+03
-2.21786425156345467258e+03
-2.07423623702010672787e+03
-1.85662502667653870958e+03
-1.55086876656930053286e+03
-1.14785806101749199115e+03
-6.46595946588176502701e+02
-5.67722913927427512704e+01
 5.99945749610269331242e+02
 1.29072604384508917974e+03
 1.97505255758689304457e+03
 2.61081797145810651273e+03
 3.16200613532352372204e+03
 3.60590507499672776248e+03
 3.93721227740525637273e+03
 4.16687701399268826208e+03
 4.31531343359936272464e+03
-5.59190412605094735454e+01
-1.15713927481554872401e+01
-2.38413641627216277286e+00
-4.88489589619455266689e-01
-9.92604443244645695543e-02
-1.98178503144187390106e-02
-3.72537081375893955673e-03
-5.16538814135560054273e-04
 0.00000000000000000000e+00
 0.00000000000000000000e+00
-5.10690262155489649656e-04
-3.68918213966618491889e-03
-1.96595782681909421463e-02
-9.86118924787437733936e-02
-4.85846477675872912005e-01
-2.37329018740258224085e+00
-1.15266753821095591093e+01
-5.57354456025451483470e+01
 4.31647719090745249559e+03
 4.17054364902984616492e+03
 3.94337835751842703758e+03
 3.61309945161819223358e+03
 3.16770415152073292120e+03
 2.61218537201719391305e+03
 1.96970285719280923331e+03
 1.27724423920393974186e+03
 5.78076929606711928500e+02
-8.62357232375548221626e+01
-6.82118449919623003552e+02
-1.18753273745474962197e+03
-1.59275957987989409048e+03
-1.89902339781660089102e+03
-2.11581349557683734020e+03
-2.25772758464127446132e+03
-2.34147968032754624801e+03
-2.38348334333897219039e+03
-2.39820157881787599763e+03
-2.39727586298843471013e+03
-2.38931876669276698522e+03
-2.38017764253188852308e+03
-2.37344619134745425981e+03
-2.37100932406118135987e+03
-2.37344619151344932106e+03
-2.38017764285903967902e+03
-2.38931876717219347483e+03
-2.39727586360881969085e+03
-2.39820157956783168629e+03
-2.38348334421007393757e+03
-2.34147968131775269285e+03
-2.25772758575821535487e+03
-2.11581349684024962698e+03
-1.89902339925881483396e+03
-1.59275958154329123317e+03
-1.18753273938511983943e+03
-6.82118452154822421107e+02
-8.62357257920503599280e+01
 5.78076926759287744062e+02
 1.27724423614590477882e+03
 1.96970285406890639024e+03
 2.61218536902560390445e+03
 3.16770414888387358587e+03
 3.61309944953449985405e+03
 3.94337835610520869523e+03
 4.17054364827561221318e+03
 4.31647719065454475640e+03
-5.57354456538793030518e+01
-1.15266753934911729829e+01
-2.37329018993567686380e+00
-4.85846478242399459901e-01
-9.86118926059161848841e-02
-1.96595782965435159073e-02
-3.68918214562967330256e-03
-5.10690263061599038566e-04
 0.00000000000000000000e+00
 0.00000000000000000000e+00
-5.01692916362138927391e-04
-3.63307076246463566196e-03
-1.94111387056210768498e-02
-9.75777818953435516214e-02
-4.81555652746629592187e-01
-2.35533559190900421143e+00
-1.14510821824921418255e+01
-5.54177182699482600015e+01
 4.31832976208647141902e+03
 4.17618956029116088757e+03
 3.95283363512706227993e+03
 3.62421142763295438272e+03
 3.17677056482836633222e+03
 2.61505485914016026072e+03
 1.96288869072562897600e+03
 1.25869037225052966278e+03
 5.47431592526446593183e+02
-1.27786562320072135890e+02
-7.32296228823676983666e+02
-1.24351010469372226908e+03
-1.65166220006027515410e+03
-1.95830842609278874988e+03
-2.17349729699249746773e+03
-2.31247291917807251593e+03
-2.39257317130033743524e+03
-2.43074136544199564014e+03
-2.44184134905861856168e+03
-2.43778225932172790635e+03
-2.42732882224022068840e+03
-2.41639542111910623134e+03
-2.40859191857367522971e+03
-2.40579898822999166441e+03
-2.40859191866916944491e+03
-2.41639542130746895054e+03
-2.42732882251662385897e+03
-2.43778225967995831525e+03
-2.44184134949238523404e+03
-2.43074136594659557886e+03
-2.39257317187468015618e+03
-2.31247291982665956311e+03
-2.17349729772695900465e+03
-1.95830842693220438377e+03
-1.65166220102969214167e+03
-1.24351010582014464489e+03
-7.32296230129423861399e+02
-1.27786563813750390750e+02
 5.47431590860054711811e+02
 1.25869037045920777018e+03
 1.96288868889376021798e+03
 2.61505485738378820315e+03
 3.17677056327836726268e+03
 3.62421142640669586399e+03
 3.95283363429457813254e+03
 4.17618955984663443814e+03
 4.31832976193753347616e+03
-5.54177183000915789535e+01
-1.14510821891702292419e+01
-2.35533559339370501817e+00
-4.81555653078297007941e-01
-9.75777819697176140856e-02
-1.94111387221902083333e-02
-3.63307076594843701700e-03
-5.01692916891444476435e-04
 0.00000000000000000000e+00
 0.00000000000000000000e+00
-4.88683957200346501953e-04
-3.55175935531724896663e-03
-1.90495318130597772466e-02
-9.60624426393729136109e-02
-4.75213128931363470997e-01
-2.32852828972506520344e+00
-1.13369875941549267395e+01
-5.49326087259591062661e+01
 4.32106596959730359231e+03
 4.18440283736563742423e+03
 3.96656058749300109412e+03
 3.64041306804289979482e+03
 3.19023591550062565148e+03
 2.61997248531394370730e+03
 1.95441468049311993127e+03
 1.23400839368910715166e+03
 5.06113973534417084466e+02
-1.84031226890325257273e+02
-8.00256089459582995005e+02
-1.31923136719889248525e+03
-1.73114518753449351607e+03
-2.03802871706221549175e+03
-2.25071669793481760280e+03
-2.38535616587410459033e+03
-2.46015380275968072965e+03
-2.49278970191378130039e+03
-2.49868529545457931818e+03
-2.49012284512790483859e+03
-2.47608047138239408014e+03
-2.46256817891418086219e+03
-2.45322073701931867618e+03
-2.44991472906466333370e+03
-2.45322073707586332603e+03
-2.46256817902494321970e+03
-2.47608047154301630144e+03
-2.49012284533266620201e+03
-2.49868529569728525530e+03
-2.49278970218886979637e+03
-2.46015380306348697559e+03
-2.38535616620606697325e+03
-2.25071669829852817202e+03
-2.03802871746604387226e+03
-1.73114518799135976224e+03
-1.31923136772484326684e+03
-8.00256090070598247621e+02
-1.84031227597305246491e+02
 5.06113972731944784300e+02
 1.23400839280918148688e+03
 1.95441467957501822639e+03
 2.61997248441686451770e+03
 3.19023591469535767828e+03
 3.64041306739640322121e+03
 3.96656058704881934318e+03
 4.18440283712635664415e+03
 4.32106596951677056495e+03
-5.49326087422556383899e+01
-1.13369875977871394923e+01
-2.32852829053903187528e+00
-4.75213129115008181547e-01
-9.60624426810402637367e-02
-1.90495318224637930071e-02
-3.55175935731992476960e-03
-4.88683957507636936371e-04
 0.00000000000000000000e+00
 0.00000000000000000000e+00
-4.70425789775609178890e-04
-3.43760808442291048576e-03
-1.85407890405047716398e-02
-9.39202286968836841385e-02
-4.66181521128943787691e-01
-2.29001607861364808727e+00
-1.11715002933092737436e+01
-5.42220693849568391443e+01
 4.32498026434644998517e+03
 4.19601156281303428841e+03
 3.98592378629782206190e+03
 3.66334892189433594467e+03
 3.20961954122319366434e+03
 2.62792596278351129513e+03
 1.94444726206086625098e+03
 1.20242608328405208340e+03
 4.52462855889059994752e+02
-2.57347559563243919456e+02
-8.88855712067101535467e+02
-1.41778637288780282688e+03
-1.83431110204560309285e+03
-2.14113064047955822389e+03
-2.35015119805547192300e+03
-2.47873443111939786831e+03
-2.54624631058153181584e+03
-2.57134375912228369998e+03
-2.57018289064036071068e+03
-2.55553401038577430882e+03
-2.53665128967140344685e+03
-2.51966559648962311257e+03
-2.50824035950777897597e+03
-2.50424412193764601398e+03
-2.50824035956783154688e+03
-2.51966559660770735718e+03
-2.53665128984374769061e+03
-2.55553401060741953188e+03
-2.57018289090600364943e+03
-2.57134375942738006415e+03
-2.54624631092356321460e+03
-2.47873443149917829942e+03
-2.35015119847826008481e+03
-2.14113064095559047928e+03
-1.83431110258969260940e+03
-1.41778637351744350781e+03
-8.88855712798851300249e+02
-2.57347560407222658796e+02
 4.52462854935930181455e+02
 1.20242608224452874310e+03
 1.94444726098139517489e+03
 2.62792596173272977467e+03
 3.20961954028258287508e+03
 3.66334892114068452429e+03
 3.98592378578080160878e+03
 4.19601156253494355042e+03
 4.32498026425320404087e+03
-5.42220694037040189528e+01
-1.11715002974908461653e+01
-2.29001607955154895535e+00
-4.66181521340707505363e-01
-9.39202287449403538933e-02
-1.85407890513442433211e-02
-3.43760808672813420600e-03
-4.70425790128791072343e-04
 0.00000000000000000000e+00
 0.00000000000000000000e+00
-4.45435976153302063719e-04
-3.28148666889371614860e-03
-1.78438453251529953458e-02
-9.09700033262371698939e-02
-4.53638191917965505340e-01
-2.23598169856598349980e+00
-1.09368176976649529308e+01
-5.32037289321421624777e+01
 4.33044172641728164308e+03
 4.21197579078590752033e+03
 4.01247718941739185539e+03
 3.69491807883663250323e+03
 3.23679753383153274626e+03
 2.64043230848435905500e+03
 1.93394299533975822669e+03
 1.16430394163007144925e+03
 3.86346452605328295249e+02
-3.48171385968578931625e+02
-9.98619642545833357872e+02
-1.53959059892833033700e+03
-1.96131283029134760909e+03
-2.26740561254533031388e+03
-2.47118486076897715975e+03
-2.59158265603831478074e+03
-2.64944678163903517998e+03
-2.66467077119894156567e+03
-2.65433161236861906218e+03
-2.63180368907703905279e+03
-2.60667598028766406060e+03
-2.58521932551396002964e+03
-2.57112350273388028654e+03
-2.56624075471442665730e+03
-2.57112350280945292980e+03
-2.58521932566319856051e+03
-2.60667598050702508772e+03
-2.63180368936195918650e+03
-2.65433161271444396334e+03
-2.66467077160220196674e+03
-2.64944678209898938803e+03
-2.59158265655849436371e+03
-2.47118486135846978868e+03
-2.26740561321926406890e+03
-1.96131283107009380728e+03
-1.53959059983481279232e+03
-9.98619643600536392114e+02
-3.48171387182282444428e+02
 3.86346451240317492193e+02
 1.16430394014841704120e+03
 1.93394299380803408894e+03
 2.64043230699891273616e+03
 3.23679753250569092415e+03
 3.69491807777662324952e+03
 4.01247718869141181131e+03
 4.21197579039609172469e+03
 4.33044172628709748096e+03
-5.32037289581362742297e+01
-1.09368177034694866734e+01
-2.23598169986965356060e+00
-4.53638192212610980025e-01
-9.09700033931267332266e-02
-1.78438453402325787611e-02
-3.28148667209680455076e-03
-4.45435976643387520745e-04
 0.00000000000000000000e+00
 0.00000000000000000000e+00
-4.12491770263313708295e-04
-3.07587263559629077100e-03
-1.69232834460658447540e-02
-8.70416390605871226338e-02
-4.36739176180227284263e-01
-2.16222472348400618358e+00
-1.06123158729389217569e+01
-5.17781677524300363302e+01
 4.33779536574038138497e+03
 4.23301928564815807476e+03
 4.04734009725692703796e+03
 3.73658713380083190714e+03
 3.27356807571715580707e+03
 2.65969711606334112730e+03
 1.92567727152205998209e+03
 1.12318526095027300471e+03
 3.12247943148121635204e+02
-4.50978994218342450040e+02
-1.12297198797079158794e+03
-1.67708627102878858750e+03
-2.10374063478099196800e+03
-2.40775376906470273752e+03
-2.60419571457768779510e+03
-2.71391130208897357079e+03
-2.75952701475918956930e+03
-2.76240210201107356625e+03
-2.74069056315923080547e+03
-2.70846119742479277193e+03
-2.67567697733190289000e+03
-2.64875450898891540419e+03
-2.63139960505725866824e+03
-2.62543589987108907735e+03
-2.63139960516891733278e+03
-2.64875450921050742181e+03
-2.67567697766020182826e+03
-2.70846119785568544103e+03
-2.74069056368881001617e+03
-2.76240210263740345908e+03
-2.75952701548456525416e+03
-2.71391130292233992805e+03
-2.60419571553653850060e+03
-2.40775377017559276283e+03
-2.10374063607780317398e+03
-1.67708627254793736938e+03
-1.12297198974292609819e+03
-4.50978996256828509104e+02
 3.12247940860744051861e+02
 1.12318525847489490843e+03
 1.92567726897039506184e+03
 2.65969711359437087594e+03
 3.27356807351688621566e+03
 3.73658713204347668579e+03
 4.04734009605431219825e+03
 4.23301928500315261772e+03
 4.33779536552582885633e+03
-5.17781677949350154222e+01
-1.06123158824435961378e+01
-2.16222472562300005450e+00
-4.36739176664763362190e-01
-8.70416391708207642930e-02
-1.69232834709599905265e-02
-3.07587264089033722222e-03
-4.12491771073825901680e-04
 0.00000000000000000000e+00
 0.00000000000000000000e+00
-3.72005403547573138424e-04
-2.82247307647631512015e-03
-1.57775831911510094896e-02
-8.20736649710950422199e-02
-4.14973308951761876706e-01
-2.06555081026076381434e+00
-1.01802313839979774457e+01
-4.98515776633882623514e+01
 4.34711970358685357496e+03
 4.25878662286232975021e+03
 4.08982742525195590133e+03
 3.78795290539012421505e+03
 3.32082832813205368439e+03
 2.68908820119073516253e+03
 1.92651634526710267892e+03
 1.09009572602428966093e+03
 2.45548353567643886208e+02
-5.46278674950568642998e+02
-1.23888793765308332695e+03
-1.80448387617722551113e+03
-2.23386235365742595604e+03
-2.53326739073619319242e+03
-2.71974168174300757528e+03
-2.81622511156649170516e+03
-2.84725592455802416225e+03
-2.83574204550309605111e+03
-2.80095449222120578270e+03
-2.75766479266374926738e+03
-2.71619872748223087910e+03
-2.68309892454669534345e+03
-2.66206744885733269257e+03
-2.65488529699451601118e+03
-2.66206744902502214245e+03
-2.68309892487821161922e+03
-2.71619872797074413029e+03
-2.75766479330118954749e+03
-2.80095449300061545728e+03
-2.83574204642151744338e+03
-2.84725592561963276239e+03
-2.81622511278561387371e+03
-2.71974168314649023159e+03
-2.53326739236422372414e+03
-2.23386235556157271276e+03
-1.80448387841417456912e+03
-1.23888794027296694367e+03
-5.46278677979569579293e+02
 2.45548350148948429705e+02
 1.09009572230197750287e+03
 1.92651634140695591668e+03
 2.68908819743353978993e+03
 3.32082832476342218797e+03
 3.78795290268235021358e+03
 4.08982742338859452502e+03
 4.25878662185943085206e+03
 4.34711970325378661073e+03
-4.98515777288854096128e+01
-1.01802313987325572242e+01
-2.06555081360279801928e+00
-4.14973309715944704834e-01
-8.20736651468008948651e-02
-1.57775832312816756409e-02
-2.82247308510411194782e-03
-3.72005404879572915827e-04
 0.00000000000000000000e+00
 1.93408444961286214436e+01
-3.28442576392838484801e-04
-2.53990830785409552398e-03
-1.44531650108256446569e-02
-7.61413168262515954732e-02
-3.88288930399758425160e-01
-1.94452231284869769823e+00
-9.62935661676132959030e+00
-4.73493857875481651831e+01
 4.35793253655134594737e+03
 4.28677529701630010095e+03
 4.13581581075608755782e+03
 3.84527959327151302205e+03
 3.37826692397739316220e+03
 2.73489369422930258224e+03
 1.95184942031143668828e+03
 1.09086835721816737532e+03
 2.22604870168176205425e+02
-5.88177520300495189076e+02
-1.29264424968912476288e+03
-1.86226890737425765110e+03
-2.28841480698777422731e+03
-2.57874381464486486948e+03
-2.75211979314726659140e+03
-2.83334126952236783836e+03
-2.84859049502660218423e+03
-2.82206721878608323095e+03
-2.77394184441121797136e+03
-2.71952429614894163024e+03
-2.66939353121543081215e+03
-2.63015511220461939956e+03
-2.60547735800151258445e+03
-2.59708765123954572118e+03
-2.60547735815389432901e+03
-2.63015511250688086875e+03
-2.66939353166313094334e+03
-2.71952429673683764122e+03
-2.77394184513499294553e+03
-2.82206721964468442820e+03
-2.84859049602503000642e+03
-2.83334127067457575322e+03
-2.75211979447863905079e+03
-2.57874381619328096349e+03
-2.28841480880192148106e+03
-1.86226890950795291246e+03
-1.29264425219020108671e+03
-5.88177523194302352749e+02
 2.22604866899436160566e+02
 1.09086835365586443913e+03
 1.95184941661344259956e+03
 2.73489369062624609796e+03
 3.37826692074423408485e+03
 3.84527959067158144535e+03
 4.13581580896564537397e+03
 4.28677529605173731397e+03
 4.35793253623115015216e+03
-4.73493858503101066049e+01
-9.62935663091603544217e+00
-1.94452231607236991628e+00
-3.88288931141346049802e-01
-7.61413169982572690664e-02
-1.44531650505910491677e-02
-2.53990831653683494726e-03
-3.28442577755374220082e-04
 1.93408444961286214436e+01
 1.93408444961286214436e+01
-2.73536794605049135998e-04
-2.19099280470580167271e-03
-1.28322432688343542051e-02
-6.88815726788597620933e-02
-3.55393161392430545487e-01
-1.79327641650236935256e+00
-8.92767644419441808168e+00
-4.40827124586104375226e+01
 4.36955673822739117895e+03
 4.31304573016057202040e+03
 4.17917057654276686662e+03
 3.90411076248220661000e+03
 3.44859438551453331456e+03
 2.81247469602680894241e+03
 2.03380187528257033591e+03
 1.17640177367081196280e+03
 3.12920197384934965612e+02
-4.90513067254606369261e+02
-1.18450667883555115623e+03
-1.74071443652444963845e+03
-2.15120421799647601802e+03
-2.42461442328949624425e+03
-2.58083240664217464655e+03
-2.64556413870315827808e+03
-2.64569172888247703668e+03
-2.60587978860379371326e+03
-2.54654873098087773542e+03
-2.48309179225378966294e+03
-2.42606289812256773075e+03
-2.38198956852426772457e+03
-2.35445370545913056048e+03
-2.34511900872619480651e+03
-2.35445370561854133484e+03
-2.38198956884212111618e+03
-2.42606289859729304226e+03
-2.48309179288401310259e+03
-2.54654873176673618218e+03
-2.60587978954884556515e+03
-2.64569172999619877373e+03
-2.64556414000368931738e+03
-2.58083240815882936658e+03
-2.42461442506389903428e+03
-2.15120422008099285449e+03
-1.74071443897611334251e+03
-1.18450668170393601031e+03
-4.90513070563182623118e+02
 3.12920193662250653688e+02
 1.17640176963256703857e+03
 2.03380187111304780956e+03
 2.81247469198844373750e+03
 3.44859438191278604791e+03
 3.90411075960248672345e+03
 4.17917057456948987237e+03
 4.31304572910187016532e+03
 4.36955673787763407745e+03
-4.40827125266569694872e+01
-8.92767645949546206907e+00
-1.79327641997673037366e+00
-3.55393162189072353563e-01
-6.88815728629051104992e-02
-1.28322433111740519251e-02
-2.19099281389700372563e-03
-2.73536796039037372313e-04
 1.93408444961286214436e+01
 1.93408444961286214436e+01
-2.25395412624563348369e-04
-1.85247570047600003222e-03
-1.10744884971423814685e-02
-6.02288336912792446332e-02
-3.13248601026634765354e-01
-1.58865336365783815786e+00
-7.93650549497267920884e+00
-3.92935010671333060372e+01
 4.38311477817006561963e+03
 4.33734245653117250185e+03
 4.22032383234147982876e+03
 3.97057639683240859085e+03
 3.55029387323789160291e+03
 2.95918461021020584667e+03
 2.23345314641594995919e+03
 1.43385096432495743102e+03
 6.29453823329349802407e+02
-1.16980655690861567564e+02
-7.58755881856837049781e+02
-1.26931653266462308238e+03
-1.64159984961313512031e+03
-1.88431193169148264133e+03
-2.01679853517761216608e+03
-2.06383147551528099939e+03
-2.05117409633715624295e+03
-2.00236407324791889550e+03
-1.93681682788139301010e+03
-1.86911926539993964980e+03
-1.80924235075827391483e+03
-1.76333646116934414749e+03
-1.73476862845010782621e+03
-1.72509975798433788441e+03
-1.73476862867231557175e+03
-1.76333646161507635952e+03
-1.80924235143039300056e+03
-1.86911926630343782563e+03
-1.93681682902445663785e+03
-2.00236407464365538544e+03
-2.05117409800609493686e+03
-2.06383147748836563551e+03
-2.01679853749912058447e+03
-1.88431193442025187323e+03
-1.64159985282052457478e+03
-1.26931653642671767557e+03
-7.58755886238335278904e+02
-1.16980660719041622997e+02
 6.29453817699272576647e+02
 1.43385095824651034491e+03
 2.23345314017616556157e+03
 2.95918460420858991711e+03
 3.55029386792531795436e+03
 3.97057639261581743995e+03
 4.22032382947078167490e+03
 4.33734245499925964396e+03
 4.38311477766671305289e+03
-3.92935011643870026887e+01
-7.93650551675051740830e+00
-1.58865336857790628855e+00
-3.13248602147685906161e-01
-6.02288339482523957247e-02
-1.10744885557071195969e-02
-1.85247571306118661433e-03
-2.25395414571173132541e-04
 1.93408444961286214436e+01
 1.93408444961286214436e+01
-1.77357971892210187137e-04
-1.46794629817803925532e-03
-8.82097711396391884198e-03
-4.81111398859754291202e-02
-2.50584288775360208845e-01
-1.27173967819911104549e+00
-6.35597933748314769531e+00
-3.14820431818410391145e+01
 4.40247463228552169312e+03
 4.36593448775040269538e+03
 4.27096308681349910330e+03
 4.06701568887620396708e+03
 3.72292121399267489323e+03
 3.23829554466699619297e+03
 2.64285393023935421297e+03
 1.98672737226604999705e+03
 1.32714021422689665997e+03
 7.16245439123102187295e+02
 1.92921203707770445135e+02
-2.20746333731885300722e+02
-5.18999848839887590657e+02
-7.09320401188759547040e+02
-8.08115858016351921833e+02
-8.36321155809594642960e+02
-8.15658191143658314104e+02
-7.65934383474346873300e+02
-7.03465029956317152937e+02
-6.40500910967421532405e+02
-5.85423091968708149579e+02
-5.43416601219357858099e+02
-5.17336459563424682528e+02
-5.08517150542258605128e+02
-5.17336459903382660741e+02
-5.43416601903038440469e+02
-5.85423093004036104503e+02
-6.40500912367385467405e+02
-7.03465031740491212986e+02
-7.65934385671136624296e+02
-8.15658193793164173258e+02
-8.36321158966662324019e+02
-8.08115861753026365477e+02
-7.09320405593919304010e+02
-5.18999854014143693348e+02
-2.20746339775138437744e+02
 1.92921196718628181088e+02
 7.16245431166954404034e+02
 1.32714020537905412311e+03
 1.98672736273938562590e+03
 2.64285392045311982656e+03
 3.23829553524801258391e+03
 3.72292120565514323971e+03
 4.06701568226247354687e+03
 4.27096308231489638274e+03
 4.36593448535276911571e+03
 4.40247463149998566223e+03
-3.14820433328351718671e+01
-6.35597937130926204929e+00
-1.27173968584531804638e+00
-2.50584290518433172590e-01
-4.81111402856387870841e-02
-8.82097720503979831896e-03
-1.46794631774078022241e-03
-1.77357974916218097535e-04
 1.93408444961286214436e+01
 1.93408444961286214436e+01
-1.16095802023700740268e-04
-9.58442790509617939185e-04
-5.74336886718324751699e-03
-3.12431561210126731987e-02
-1.62340379173570692473e-01
-8.22176514988719908672e-01
-4.10213345348111868560e+00
-2.02939712128083087350e+01
-5.00149470607174393422e+01
-7.46831362167915813188e+01
-1.37866532165572266422e+02
-2.72272767205276409186e+02
-4.98174007253410820795e+02
-8.15937778430074672542e+02
-1.20628203009423691583e+03
-1.63639377451005543662e+03
-2.06855853825832627990e+03
-2.46819664678318076767e+03
-2.80940238805965236679e+03
-3.07741098161841273395e+03
-3.26838617026605425053e+03
-3.38739789048923466908e+03
-3.44553504556072357445e+03
-3.45693512991731631701e+03
-3.43625467973676040856e+03
-3.39684730996377356860e+03
-3.34970774435273369818e+03
-3.30309654877023967856e+03
-3.26267850393614298810e+03
-3.23197633331118368005e+03
-3.21294686685723854680e+03
-3.20651553468982319828e+03
-3.21294686701158434516e+03
-3.23197633362110491362e+03
-3.26267850440439269732e+03
-3.30309654940175005322e+03
-3.34970774515567336493e+03
-3.39684731095105189524e+03
-3.43625468092787332353e+03
-3.45693513134029672074e+03
-3.44553504725352377136e+03
-3.38739789249958857908e+03
-3.26838617264855929534e+03
-3.07741098442740576502e+03
-2.80940239133654631587e+03
-2.46819665053818880551e+03
-2.06855854244814781850e+03
-1.63639377901604325416e+03
-1.20628203470907146766e+03
-8.15937782864334280930e+02
-4.98174011177546276485e+02
-2.72272770320049289694e+02
-1.37866534286570953327e+02
-7.46831373488491152557e+01
-5.00149474323957790034e+01
-2.02939712844868473951e+01
-4.10213346959497204836e+00
-8.22176518648025878022e-01
-1.62340380012520602016e-01
-3.12431563146548726961e-02
-5.74336891163461805282e-03
-9.58442800126887485025e-04
-1.16095803518769633716e-04
 1.93408444961286214436e+01
 1.93408444961286214436e+01
-9.07545422062318226384e-05
-7.43449348296895099093e-04
-4.42579094133485010515e-03
-2.39622617237859984740e-02
-1.24092453079820835837e-01
-6.26962464810211561606e-01
-3.12283993267686943440e+00
-1.54319489900524118298e+01
-3.83106702970106525186e+01
-5.81043294975493225252e+01
-1.07551329119729729200e+02
-2.11274063399736377278e+02
-3.84591736001389506328e+02
-6.27833075207247475191e+02
-9.26409008221177145970e+02
-1.25533056303540661247e+03
-1.58571397549291145879e+03
-1.89093694001452126940e+03
-2.15095914242987237230e+03
-2.35430803198626517769e+03
-2.49798268568209869045e+03
-2.58592302178183581418e+03
-2.62677588011706620819e+03
-2.63157729570494302607e+03
-2.61177247970289954537e+03
-2.57779015806057668669e+03
-2.53821919314503065834e+03
-2.49951887387498891258e+03
-2.46612905141634018946e+03
-2.44082301300643075592e+03
-2.42515237378749088748e+03
-2.41985773516147037299e+03
-2.42515237384710690094e+03
-2.44082301312615163624e+03
-2.46612905159727597493e+03
-2.49951887411918642101e+03
-2.53821919345595188133e+03
-2.57779015844382547584e+03
-2.61177248016711519085e+03
-2.63157729626272021051e+03
-2.62677588078560529539e+03
-2.58592302258278732552e+03
-2.49798268663995304451e+03
-2.35430803312465104682e+03
-2.15095914376548762448e+03
-1.89093694154911690930e+03
-1.58571397720442450918e+03
-1.25533056487024714443e+03
-9.26409010091106893015e+02
-6.27833076994648195068e+02
-3.84591737575778154223e+02
-2.11274064644691577541e+02
-1.07551329965162992153e+02
-5.81043299480840715887e+01
-3.83106704449809072344e+01
-1.54319490186589849401e+01
-3.12283993910522728044e+00
-6.26962466269764262528e-01
-1.24092453414439723991e-01
-2.39622618010289084589e-02
-4.42579095906949285255e-03
-7.43449352134665478360e-04
-9.07545428029505284444e-05
 1.93408444961286214436e+01
 1.93408444961286214436e+01
-7.83530623751045932329e-05
-6.37184397835413216492e-04
-3.77002600759101863179e-03
-2.03250210707356174233e-02
-1.04951898419205394419e-01
-5.29203247534807186270e-01
-2.63232668790791901614e+00
-1.29963479355113342706e+01
-3.24676055805644168117e+01
-4.98743114363692328084e+01
-9.24666534885140833921e+01
-1.80762520330027825821e+02
-3.27561646276534986555e+02
-5.33162194131696082877e+02
-7.85348101228096084014e+02
-1.06310176189211847486e+03
-1.34203133848084189594e+03
-1.59956648478238321331e+03
-1.81865231312618425363e+03
-1.98948607078552799976e+03
-2.10948012803656729375e+03
-2.18198448662739474457e+03
-2.21438938563836700268e+03
-2.21614270548937838612e+03
-2.19705067168818777645e+03
-2.16605318918349803425e+03
-2.13051716445949705303e+03
-2.09598853664048647261e+03
-2.06628671540670211471e+03
-2.04380551393398877735e+03
-2.02989125013170792045e+03
-2.02519075052023754324e+03
-2.02989125015089302906e+03
-2.04380551397233875832e+03
-2.06628671546421537641e+03
-2.09598853671729102643e+03
-2.13051716455606310774e+03
-2.16605318930096336771e+03
-2.19705067182886023147e+03
-2.21614270565736205754e+03
-2.21438938584017205358e+03
-2.18198448687217023689e+03
-2.10948012833539269195e+03
-1.98948607114910555538e+03
-1.81865231356023355147e+03
-1.59956648528479217930e+03
-1.34203133903989510145e+03
-1.06310176248575612590e+03
-7.85348101824780428615e+02
-5.33162194693343394647e+02
-3.27561646763915291558e+02
-1.80762520710373252086e+02
-9.24666537440684379590e+01
-4.98743115715448865899e+01
-3.24676056248411342153e+01
-1.29963479440839186907e+01
-2.63232668982052331330e+00
-5.29203247965360668026e-01
-1.04951898516913749715e-01
-2.03250210930224911587e-02
-3.77002601263955877675e-03
-6.37184398913050002722e-04
-7.83530625408308855143e-05
 1.93408444961286214436e+01
 1.93408444961286214436e+01
-7.14510765121057373492e-05
-5.77570522494895779997e-04
-3.40010270645643708498e-03
-1.82669031476656029689e-02
-9.41039554182381138281e-02
-4.73752116706774861754e-01
-2.35396376696473108581e+00
-1.16136260235572255084e+01
-2.91583105819484380561e+01
-4.52269051828601362786e+01
-8.39150045357826286363e+01
-1.63374126024042055860e+02
-2.94948859017995289378e+02
-4.78915217411480739429e+02
-7.04422873863080667434e+02
-9.52747404608911892865e+02
-1.20209629140352103605e+03
-1.43224704058647193960e+03
-1.62787472125541739842e+03
-1.78014136792872818660e+03
-1.88669235453664123270e+03
-1.95052684433113086016e+03
-1.97829755578254889770e+03
-1.97852432408708932599e+03
-1.96005851956680135117e+03
-1.93097486458444200252e+03
-1.89793167393885528327e+03
-1.86594612066390777727e+03
-1.83847877578345901384e+03
-1.81770399966549007331e+03
-1.80484926076227770864e+03
-1.80050698251755147794e+03
-1.80484926078701573715e+03
-1.81770399971540746265e+03
-1.83847877585943660961e+03
-1.86594612076731323214e+03
-1.89793167407166583871e+03
-1.93097486474950142110e+03
-1.96005851976828557781e+03
-1.97852432433125727584e+03
-1.97829755607874449197e+03
-1.95052684469293717484e+03
-1.88669235498298280618e+03
-1.78014136848471207486e+03
-1.62787472193166286161e+03
-1.43224704137514504509e+03
-1.20209629227975028698e+03
-9.52747405532498419234e+02
-7.04422874781633481689e+02
-4.78915218265935720865e+02
-2.94948859750878909836e+02
-1.63374126590024587813e+02
-8.39150049128401036569e+01
-4.52269053811420533862e+01
-2.91583106468184567461e+01
-1.16136260361638257166e+01
-2.35396376976342525111e+00
-4.73752117333076094852e-01
-9.41039555593703030967e-02
-1.82669031795899342030e-02
-3.40010271361959690722e-03
-5.77570524008933373211e-04
-7.14510767430874207820e-05
 1.93408444961286214436e+01
 1.93408444961286214436e+01
-6.73602706820651195296e-05
-5.41929607538913405036e-04
-3.17758342329884421046e-03
-1.70244764923310337723e-02
-8.75419516246591228326e-02
-4.40167620427109440584e-01
-2.18522925875060858303e+00
-1.07749094798553350927e+01
-2.71559980084353576046e+01
-4.24239479147594948927e+01
-7.87347762425312112100e+01
-1.52780230802832562631e+02
-2.75006157408752187621e+02
-4.45673206380443502894e+02
-6.54773069054326697369e+02
-8.84998260434894518767e+02
-1.11616470100492233541e+03
-1.32950393003037152084e+03
-1.51076204788750987973e+03
-1.65169646744582405518e+03
-1.75009256436806663260e+03
-1.80872642586624533578e+03
-1.83378796158218983692e+03
-1.83321712604870572250e+03
-1.81527042151461432695e+03
-1.78748495602316552322e+03
-1.75607977807191764441e+03
-1.72574498209684156791e+03
-1.69971959927240027355e+03
-1.68004272425321369155e+03
-1.66786866322367154680e+03
-1.66375637984992431484e+03
-1.66786866325273217626e+03
-1.68004272431158096879e+03
-1.69971959936059261054e+03
-1.72574498221571570866e+03
-1.75607977822283555724e+03
-1.78748495620824269281e+03
-1.81527042173713061857e+03
-1.83321712631360878731e+03
-1.83378796189663194127e+03
-1.80872642623985825594e+03
-1.75009256481258466920e+03
-1.65169646797348059408e+03
-1.51076204850753447317e+03
-1.32950393074315184094e+03
-1.11616470179779344107e+03
-8.84998261279802022727e+02
-6.54773069908109846438e+02
-4.45673207188724234129e+02
-2.75006158113931917342e+02
-1.52780231355661044290e+02
-7.87347766152679184870e+01
-4.24239481123156068065e+01
-2.71559980730736683086e+01
-1.07749094923122985534e+01
-2.18522926153663865634e+00
-4.40167621056151758818e-01
-8.75419517679197622950e-02
-1.70244765251421695251e-02
-3.17758343076508320904e-03
-5.41929609139865089626e-04
-6.73602709291690925552e-05
 1.93408444961286214436e+01
 1.93408444961286214436e+01
-6.48613394011099739624e-05
-5.19891815606702049034e-04
-3.03881044909087806236e-03
-1.62456863535398177145e-02
-8.34160672321782453720e-02
-4.19009739247376611360e-01
-2.07878274145323871380e+00
-1.02452479702734624567e+01
-2.58967160635336348662e+01
-4.06727418160946143644e+01
-7.54823747922920489373e+01
-1.46075268226661819426e+02
-2.62316615830661987729e+02
-4.24456034076718367487e+02
-6.23027798468548780875e+02
-8.41639045252591472490e+02
-1.06114489041664069191e+03
-1.26371661065650278033e+03
-1.43579198224033643783e+03
-1.56951150064029252462e+03
-1.66274805448545862419e+03
-1.71812979880463512927e+03
-1.74154372798260283162e+03
-1.74055185680520889946e+03
-1.72302409684191547967e+03
-1.69614905600495148974e+03
-1.66586171848685080477e+03
-1.63664115684416674412e+03
-1.61158379813797409952e+03
-1.59264186663884879636e+03
-1.58092279256563506351e+03
-1.57696415121327390807e+03
-1.58092279257086397593e+03
-1.59264186664862563703e+03
-1.61158379815091757337e+03
-1.63664115685814454082e+03
-1.66586171849893844410e+03
-1.69614905601142640990e+03
-1.72302409683833138843e+03
-1.74055185678659563564e+03
-1.74154372794383493783e+03
-1.71812979874105690214e+03
-1.66274805439363967707e+03
-1.56951150051878335034e+03
-1.43579198209021569710e+03
-1.26371661048160990504e+03
-1.06114489022367138205e+03
-8.41639045050916934088e+02
-6.23027798269684581101e+02
-4.24456033893202572926e+02
-2.62316615674353954546e+02
-1.46075268106613407326e+02
-7.54823747125705892813e+01
-4.06727417741202401658e+01
-2.58967160495832153799e+01
-1.02452479674552954236e+01
-2.07878274081976854859e+00
-4.19009739103229472690e-01
-8.34160671989691432371e-02
-1.62456863458114234011e-02
-3.03881044729621468611e-03
-5.19891815213181004290e-04
-6.48613393392213964748e-05
 1.93408444961286214436e+01
 1.93408444961286214436e+01
-6.33236548965219439751e-05
-5.06073359297002961683e-04
-2.95065430775578139977e-03
-1.57471265900632380330e-02
