      6.34
      6.34
      6.34
      6.34
      6.33
      6.32
       6.3
      6.29
      6.28
      6.27
      6.18
      6.02
       5.8
      5.54
      5.25
      4.95
      4.66
      4.37
       4.1
      3.85
      3.63
      3.43
      3.24
      3.08
      2.94
      2.82
      2.71
      2.62
      2.55
      2.49
      2.45
      2.42
      2.42
      2.42
      2.45
      2.49
      2.55
      2.62
      2.71
      2.82
      2.94
      3.08
      3.24
      3.43
      3.63
      3.85
       4.1
      4.37
      4.66
      4.95
      5.25
      5.54
       5.8
      6.02
      6.18
      6.27
      6.28
      6.29
       6.3
      6.32
      6.33
      6.34
      6.34
      6.34
      6.34
         0
 -1.08e-08
  -7.8e-08
 -4.14e-07
 -2.07e-06
 -1.02e-05
 -4.96e-05
 -0.000241
 -0.000868
    0.0345
    0.0295
    0.0279
    0.0256
    0.0224
    0.0185
     0.014
   0.00921
   0.00434
 -0.000296
  -0.00445
  -0.00796
   -0.0108
   -0.0128
   -0.0143
   -0.0152
   -0.0156
   -0.0158
   -0.0158
   -0.0157
   -0.0155
   -0.0154
   -0.0153
   -0.0152
   -0.0153
   -0.0154
   -0.0155
   -0.0157
   -0.0158
   -0.0158
   -0.0156
   -0.0152
   -0.0143
   -0.0128
   -0.0108
  -0.00796
  -0.00445
 -0.000296
   0.00434
   0.00921
     0.014
    0.0185
    0.0224
    0.0256
    0.0279
    0.0295
    0.0345
 -0.000868
 -0.000241
 -4.96e-05
 -1.02e-05
 -2.07e-06
 -4.14e-07
  -7.8e-08
 -1.08e-08
         0
         0
  -1.1e-08
 -7.88e-08
 -4.18e-07
 -2.09e-06
 -1.03e-05
 -5.01e-05
 -0.000243
 -0.000876
    0.0345
    0.0295
    0.0279
    0.0255
    0.0224
    0.0185
    0.0141
   0.00926
   0.00442
 -0.000184
  -0.00432
  -0.00782
   -0.0106
   -0.0127
   -0.0142
   -0.0152
   -0.0157
   -0.0159
    -0.016
   -0.0159
   -0.0158
   -0.0157
   -0.0156
   -0.0156
   -0.0156
   -0.0157
   -0.0158
   -0.0159
    -0.016
   -0.0159
   -0.0157
   -0.0152
   -0.0142
   -0.0127
   -0.0106
  -0.00782
  -0.00432
 -0.000184
   0.00442
   0.00926
    0.0141
    0.0185
    0.0224
    0.0255
    0.0279
    0.0295
    0.0345
 -0.000876
 -0.000243
 -5.01e-05
 -1.03e-05
 -2.09e-06
 -4.18e-07
 -7.88e-08
  -1.1e-08
         0
         0
  -1.1e-08
 -7.94e-08
 -4.21e-07
 -2.11e-06
 -1.03e-05
 -5.04e-05
 -0.000245
 -0.000882
    0.0345
    0.0295
    0.0279
    0.0255
    0.0224
    0.0185
    0.0141
   0.00928
   0.00446
 -0.000125
  -0.00425
  -0.00775
   -0.0106
   -0.0127
   -0.0142
   -0.0152
   -0.0158
    -0.016
   -0.0161
   -0.0161
    -0.016
   -0.0159
   -0.0159
   -0.0158
   -0.0159
   -0.0159
    -0.016
   -0.0161
   -0.0161
    -0.016
   -0.0158
   -0.0152
   -0.0142
   -0.0127
   -0.0106
  -0.00775
  -0.00425
 -0.000125
   0.00446
   0.00928
    0.0141
    0.0185
    0.0224
    0.0255
    0.0279
    0.0295
    0.0345
 -0.000882
 -0.000245
 -5.04e-05
 -1.03e-05
 -2.11e-06
 -4.21e-07
 -7.94e-08
  -1.1e-08
         0
         0
 -1.11e-08
 -7.97e-08
 -4.23e-07
 -2.12e-06
 -1.04e-05
 -5.07e-05
 -0.000246
 -0.000886
    0.0345
    0.0295
    0.0278
    0.0255
    0.0223
    0.0185
     0.014
   0.00928
   0.00447
 -0.000105
  -0.00422
  -0.00772
   -0.0105
   -0.0127
   -0.0142
   -0.0152
   -0.0158
   -0.0161
   -0.0162
   -0.0162
   -0.0162
   -0.0161
    -0.016
    -0.016
    -0.016
   -0.0161
   -0.0162
   -0.0162
   -0.0162
   -0.0161
   -0.0158
   -0.0152
   -0.0142
   -0.0127
   -0.0105
  -0.00772
  -0.00422
 -0.000105
   0.00447
   0.00928
     0.014
    0.0185
    0.0223
    0.0255
    0.0278
    0.0295
    0.0345
 -0.000886
 -0.000246
 -5.07e-05
 -1.04e-05
 -2.12e-06
 -4.23e-07
 -7.97e-08
 -1.11e-08
         0
         0
 -1.11e-08
 -7.99e-08
 -4.24e-07
 -2.12e-06
 -1.04e-05
 -5.08e-05
 -0.000246
 -0.000888
    0.0345
    0.0295
    0.0278
    0.0255
    0.0223
    0.0185
     0.014
   0.00927
   0.00446
 -0.000109
  -0.00422
  -0.00773
   -0.0106
   -0.0127
   -0.0142
   -0.0153
   -0.0159
   -0.0162
   -0.0163
   -0.0163
   -0.0163
   -0.0162
   -0.0162
   -0.0162
   -0.0162
   -0.0162
   -0.0163
   -0.0163
   -0.0163
   -0.0162
   -0.0159
   -0.0153
   -0.0142
   -0.0127
   -0.0106
  -0.00773
  -0.00422
 -0.000109
   0.00446
   0.00927
     0.014
    0.0185
    0.0223
    0.0255
    0.0278
    0.0295
    0.0345
 -0.000888
 -0.000246
 -5.08e-05
 -1.04e-05
 -2.12e-06
 -4.24e-07
 -7.99e-08
 -1.11e-08
         0
         0
 -1.11e-08
    -8e-08
 -4.25e-07
 -2.12e-06
 -1.04e-05
 -5.09e-05
 -0.000247
 -0.000889
    0.0345
    0.0295
    0.0278
    0.0255
    0.0223
    0.0185
     0.014
   0.00925
   0.00444
 -0.000134
  -0.00425
  -0.00776
   -0.0106
   -0.0127
   -0.0143
   -0.0153
   -0.0159
   -0.0163
   -0.0164
   -0.0164
   -0.0164
   -0.0163
   -0.0163
   -0.0163
   -0.0163
   -0.0163
   -0.0164
   -0.0164
   -0.0164
   -0.0163
   -0.0159
   -0.0153
   -0.0143
   -0.0127
   -0.0106
  -0.00776
  -0.00425
 -0.000134
   0.00444
   0.00925
     0.014
    0.0185
    0.0223
    0.0255
    0.0278
    0.0295
    0.0345
 -0.000889
 -0.000247
 -5.09e-05
 -1.04e-05
 -2.12e-06
 -4.25e-07
    -8e-08
 -1.11e-08
         0
         0
 -1.11e-08
    -8e-08
 -4.25e-07
 -2.12e-06
 -1.04e-05
 -5.09e-05
 -0.000247
  -0.00089
    0.0345
    0.0295
    0.0278
    0.0255
    0.0223
    0.0185
     0.014
   0.00923
   0.00441
 -0.000177
   -0.0043
  -0.00782
   -0.0107
   -0.0128
   -0.0144
   -0.0154
    -0.016
   -0.0163
   -0.0165
   -0.0165
   -0.0165
   -0.0164
   -0.0164
   -0.0164
   -0.0164
   -0.0164
   -0.0165
   -0.0165
   -0.0165
   -0.0163
    -0.016
   -0.0154
   -0.0144
   -0.0128
   -0.0107
  -0.00782
   -0.0043
 -0.000177
   0.00441
   0.00923
     0.014
    0.0185
    0.0223
    0.0255
    0.0278
    0.0295
    0.0345
  -0.00089
 -0.000247
 -5.09e-05
 -1.04e-05
 -2.12e-06
 -4.25e-07
    -8e-08
 -1.11e-08
         0
         0
 -1.11e-08
 -7.98e-08
 -4.24e-07
 -2.12e-06
 -1.04e-05
 -5.09e-05
 -0.000247
  -0.00089
    0.0345
    0.0295
    0.0278
    0.0255
    0.0223
    0.0185
     0.014
    0.0092
   0.00436
 -0.000238
  -0.00438
   -0.0079
   -0.0107
   -0.0129
   -0.0144
   -0.0155
   -0.0161
   -0.0164
   -0.0166
   -0.0166
   -0.0165
   -0.0165
   -0.0165
   -0.0164
   -0.0165
   -0.0165
   -0.0165
   -0.0166
   -0.0166
   -0.0164
   -0.0161
   -0.0155
   -0.0144
   -0.0129
   -0.0107
   -0.0079
  -0.00438
 -0.000238
   0.00436
    0.0092
     0.014
    0.0185
    0.0223
    0.0255
    0.0278
    0.0295
    0.0345
  -0.00089
 -0.000247
 -5.09e-05
 -1.04e-05
 -2.12e-06
 -4.24e-07
 -7.98e-08
 -1.11e-08
         0
         0
  -1.1e-08
 -7.95e-08
 -4.23e-07
 -2.12e-06
 -1.04e-05
 -5.08e-05
 -0.000246
 -0.000889
    0.0345
    0.0295
    0.0279
    0.0255
    0.0224
    0.0185
     0.014
   0.00916
    0.0043
 -0.000318
  -0.00447
  -0.00801
   -0.0109
    -0.013
   -0.0146
   -0.0156
   -0.0162
   -0.0165
   -0.0167
   -0.0167
   -0.0166
   -0.0166
   -0.0165
   -0.0165
   -0.0165
   -0.0166
   -0.0166
   -0.0167
   -0.0167
   -0.0165
   -0.0162
   -0.0156
   -0.0146
    -0.013
   -0.0109
  -0.00801
  -0.00447
 -0.000318
    0.0043
   0.00916
     0.014
    0.0185
    0.0224
    0.0255
    0.0279
    0.0295
    0.0345
 -0.000889
 -0.000246
 -5.08e-05
 -1.04e-05
 -2.12e-06
 -4.23e-07
 -7.95e-08
  -1.1e-08
         0
         0
  -1.1e-08
 -7.92e-08
 -4.21e-07
 -2.11e-06
 -1.04e-05
 -5.07e-05
 -0.000246
 -0.000888
    0.0345
    0.0295
    0.0279
    0.0255
    0.0224
    0.0185
     0.014
   0.00912
   0.00423
 -0.000419
  -0.00459
  -0.00814
    -0.011
   -0.0132
   -0.0147
   -0.0157
   -0.0163
   -0.0167
   -0.0168
   -0.0168
   -0.0167
   -0.0167
   -0.0166
   -0.0166
   -0.0166
   -0.0167
   -0.0167
   -0.0168
   -0.0168
   -0.0167
   -0.0163
   -0.0157
   -0.0147
   -0.0132
    -0.011
  -0.00814
  -0.00459
 -0.000419
   0.00423
   0.00912
     0.014
    0.0185
    0.0224
    0.0255
    0.0279
    0.0295
    0.0345
 -0.000888
 -0.000246
 -5.07e-05
 -1.04e-05
 -2.11e-06
 -4.21e-07
 -7.92e-08
  -1.1e-08
         0
         0
 -1.09e-08
 -7.87e-08
 -4.19e-07
  -2.1e-06
 -1.03e-05
 -5.05e-05
 -0.000245
 -0.000886
    0.0345
    0.0295
    0.0279
    0.0256
    0.0224
    0.0185
    0.0139
   0.00906
   0.00414
 -0.000543
  -0.00474
  -0.00831
   -0.0112
   -0.0133
   -0.0149
   -0.0159
   -0.0165
   -0.0168
   -0.0169
   -0.0169
   -0.0169
   -0.0168
   -0.0168
   -0.0167
   -0.0168
   -0.0168
   -0.0169
   -0.0169
   -0.0169
   -0.0168
   -0.0165
   -0.0159
   -0.0149
   -0.0133
   -0.0112
  -0.00831
  -0.00474
 -0.000543
   0.00414
   0.00906
    0.0139
    0.0185
    0.0224
    0.0256
    0.0279
    0.0295
    0.0345
 -0.000886
 -0.000245
 -5.05e-05
 -1.03e-05
  -2.1e-06
 -4.19e-07
 -7.87e-08
 -1.09e-08
         0
         0
 -1.08e-08
 -7.81e-08
 -4.16e-07
 -2.09e-06
 -1.03e-05
 -5.03e-05
 -0.000245
 -0.000883
    0.0345
    0.0296
    0.0279
    0.0256
    0.0224
    0.0185
    0.0139
   0.00899
   0.00403
 -0.000693
  -0.00493
  -0.00851
   -0.0114
   -0.0136
   -0.0151
   -0.0161
   -0.0167
    -0.017
   -0.0171
   -0.0171
    -0.017
   -0.0169
   -0.0169
   -0.0169
   -0.0169
   -0.0169
    -0.017
   -0.0171
   -0.0171
    -0.017
   -0.0167
   -0.0161
   -0.0151
   -0.0136
   -0.0114
  -0.00851
  -0.00493
 -0.000693
   0.00403
   0.00899
    0.0139
    0.0185
    0.0224
    0.0256
    0.0279
    0.0296
    0.0345
 -0.000883
 -0.000245
 -5.03e-05
 -1.03e-05
 -2.09e-06
 -4.16e-07
 -7.81e-08
 -1.08e-08
         0
         0
 -1.07e-08
 -7.73e-08
 -4.13e-07
 -2.08e-06
 -1.02e-05
 -5.01e-05
 -0.000243
  -0.00088
    0.0345
    0.0296
     0.028
    0.0256
    0.0225
    0.0185
    0.0139
   0.00892
    0.0039
 -0.000872
  -0.00514
  -0.00875
   -0.0116
   -0.0138
   -0.0153
   -0.0163
   -0.0169
   -0.0172
   -0.0172
   -0.0172
   -0.0172
   -0.0171
    -0.017
    -0.017
    -0.017
   -0.0171
   -0.0172
   -0.0172
   -0.0172
   -0.0172
   -0.0169
   -0.0163
   -0.0153
   -0.0138
   -0.0116
  -0.00875
  -0.00514
 -0.000872
    0.0039
   0.00892
    0.0139
    0.0185
    0.0225
    0.0256
     0.028
    0.0296
    0.0345
  -0.00088
 -0.000243
 -5.01e-05
 -1.02e-05
 -2.08e-06
 -4.13e-07
 -7.73e-08
 -1.07e-08
         0
         0
 -1.05e-08
 -7.64e-08
 -4.09e-07
 -2.06e-06
 -1.02e-05
 -4.98e-05
 -0.000242
 -0.000875
    0.0345
    0.0296
     0.028
    0.0257
    0.0225
    0.0185
    0.0139
   0.00883
   0.00374
  -0.00108
   -0.0054
  -0.00904
   -0.0119
   -0.0141
   -0.0156
   -0.0166
   -0.0171
   -0.0174
   -0.0175
   -0.0174
   -0.0173
   -0.0172
   -0.0172
   -0.0172
   -0.0172
   -0.0172
   -0.0173
   -0.0174
   -0.0175
   -0.0174
   -0.0171
   -0.0166
   -0.0156
   -0.0141
   -0.0119
  -0.00904
   -0.0054
  -0.00108
   0.00374
   0.00883
    0.0139
    0.0185
    0.0225
    0.0257
     0.028
    0.0296
    0.0345
 -0.000875
 -0.000242
 -4.98e-05
 -1.02e-05
 -2.06e-06
 -4.09e-07
 -7.64e-08
 -1.05e-08
         0
         0
 -1.03e-08
 -7.52e-08
 -4.04e-07
 -2.04e-06
 -1.01e-05
 -4.94e-05
  -0.00024
  -0.00087
    0.0345
    0.0297
    0.0281
    0.0258
    0.0226
    0.0185
    0.0138
   0.00872
   0.00356
  -0.00133
  -0.00569
  -0.00937
   -0.0123
   -0.0145
    -0.016
   -0.0169
   -0.0174
   -0.0177
   -0.0177
   -0.0176
   -0.0175
   -0.0174
   -0.0174
   -0.0173
   -0.0174
   -0.0174
   -0.0175
   -0.0176
   -0.0177
   -0.0177
   -0.0174
   -0.0169
    -0.016
   -0.0145
   -0.0123
  -0.00937
  -0.00569
  -0.00133
   0.00356
   0.00872
    0.0138
    0.0185
    0.0226
    0.0258
    0.0281
    0.0297
    0.0345
  -0.00087
  -0.00024
 -4.94e-05
 -1.01e-05
 -2.04e-06
 -4.04e-07
 -7.52e-08
 -1.03e-08
         0
         0
 -1.01e-08
 -7.39e-08
 -3.98e-07
 -2.01e-06
 -9.96e-06
 -4.89e-05
 -0.000238
 -0.000863
    0.0345
    0.0297
    0.0282
    0.0259
    0.0227
    0.0186
    0.0138
   0.00861
   0.00336
   -0.0016
  -0.00603
  -0.00974
   -0.0127
   -0.0148
   -0.0163
   -0.0173
   -0.0177
   -0.0179
    -0.018
   -0.0179
   -0.0177
   -0.0176
   -0.0176
   -0.0175
   -0.0176
   -0.0176
   -0.0177
   -0.0179
    -0.018
   -0.0179
   -0.0177
   -0.0173
   -0.0163
   -0.0148
   -0.0127
  -0.00974
  -0.00603
   -0.0016
   0.00336
   0.00861
    0.0138
    0.0186
    0.0227
    0.0259
    0.0282
    0.0297
    0.0345
 -0.000863
 -0.000238
 -4.89e-05
 -9.96e-06
 -2.01e-06
 -3.98e-07
 -7.39e-08
 -1.01e-08
         0
         0
 -9.86e-09
 -7.22e-08
  -3.9e-07
 -1.98e-06
 -9.83e-06
 -4.83e-05
 -0.000236
 -0.000855
    0.0346
    0.0298
    0.0283
     0.026
    0.0228
    0.0186
    0.0138
   0.00848
   0.00315
  -0.00191
   -0.0064
   -0.0102
   -0.0131
   -0.0153
   -0.0167
   -0.0176
   -0.0181
   -0.0182
   -0.0182
   -0.0181
    -0.018
   -0.0178
   -0.0177
   -0.0177
   -0.0177
   -0.0178
    -0.018
   -0.0181
   -0.0182
   -0.0182
   -0.0181
   -0.0176
   -0.0167
   -0.0153
   -0.0131
   -0.0102
   -0.0064
  -0.00191
   0.00315
   0.00848
    0.0138
    0.0186
    0.0228
     0.026
    0.0283
    0.0298
    0.0346
 -0.000855
 -0.000236
 -4.83e-05
 -9.83e-06
 -1.98e-06
  -3.9e-07
 -7.22e-08
 -9.86e-09
         0
         0
 -9.55e-09
 -7.02e-08
 -3.81e-07
 -1.94e-06
 -9.66e-06
 -4.76e-05
 -0.000233
 -0.000844
    0.0346
    0.0298
    0.0284
    0.0261
    0.0229
    0.0187
    0.0137
   0.00836
   0.00292
  -0.00223
  -0.00679
   -0.0106
   -0.0136
   -0.0157
   -0.0172
    -0.018
   -0.0184
   -0.0186
   -0.0185
   -0.0183
   -0.0182
    -0.018
   -0.0179
   -0.0179
   -0.0179
    -0.018
   -0.0182
   -0.0183
   -0.0185
   -0.0186
   -0.0184
    -0.018
   -0.0172
   -0.0157
   -0.0136
   -0.0106
  -0.00679
  -0.00223
   0.00292
   0.00836
    0.0137
    0.0187
    0.0229
    0.0261
    0.0284
    0.0298
    0.0346
 -0.000844
 -0.000233
 -4.76e-05
 -9.66e-06
 -1.94e-06
 -3.81e-07
 -7.02e-08
 -9.55e-09
         0
         0
 -9.19e-09
 -6.79e-08
 -3.71e-07
 -1.89e-06
 -9.46e-06
 -4.67e-05
 -0.000229
 -0.000831
    0.0346
    0.0299
    0.0285
    0.0263
     0.023
    0.0188
    0.0138
   0.00825
    0.0027
  -0.00255
  -0.00718
    -0.011
    -0.014
   -0.0162
   -0.0176
   -0.0184
   -0.0188
   -0.0188
   -0.0187
   -0.0185
   -0.0183
   -0.0182
   -0.0181
    -0.018
   -0.0181
   -0.0182
   -0.0183
   -0.0185
   -0.0187
   -0.0188
   -0.0188
   -0.0184
   -0.0176
   -0.0162
    -0.014
    -0.011
  -0.00718
  -0.00255
    0.0027
   0.00825
    0.0138
    0.0188
     0.023
    0.0263
    0.0285
    0.0299
    0.0346
 -0.000831
 -0.000229
 -4.67e-05
 -9.46e-06
 -1.89e-06
 -3.71e-07
 -6.79e-08
 -9.19e-09
         0
         0
 -8.76e-09
 -6.53e-08
 -3.58e-07
 -1.84e-06
 -9.22e-06
 -4.56e-05
 -0.000224
 -0.000814
    0.0347
      0.03
    0.0287
    0.0265
    0.0232
    0.0189
    0.0138
   0.00818
   0.00251
  -0.00282
  -0.00752
   -0.0114
   -0.0144
   -0.0165
   -0.0179
   -0.0187
    -0.019
    -0.019
   -0.0188
   -0.0186
   -0.0184
   -0.0182
   -0.0181
    -0.018
   -0.0181
   -0.0182
   -0.0184
   -0.0186
   -0.0188
    -0.019
    -0.019
   -0.0187
   -0.0179
   -0.0165
   -0.0144
   -0.0114
  -0.00752
  -0.00282
   0.00251
   0.00818
    0.0138
    0.0189
    0.0232
    0.0265
    0.0287
      0.03
    0.0347
 -0.000814
 -0.000224
 -4.56e-05
 -9.22e-06
 -1.84e-06
 -3.58e-07
 -6.53e-08
 -8.76e-09
         0
         0
  -8.3e-09
 -6.22e-08
 -3.44e-07
 -1.78e-06
 -8.93e-06
 -4.43e-05
 -0.000218
 -0.000794
    0.0347
    0.0301
    0.0288
    0.0267
    0.0234
    0.0191
    0.0139
   0.00819
   0.00242
  -0.00299
  -0.00774
   -0.0116
   -0.0146
   -0.0167
   -0.0181
   -0.0188
    -0.019
    -0.019
   -0.0188
   -0.0185
   -0.0182
    -0.018
   -0.0179
   -0.0178
   -0.0179
    -0.018
   -0.0182
   -0.0185
   -0.0188
    -0.019
    -0.019
   -0.0188
   -0.0181
   -0.0167
   -0.0146
   -0.0116
  -0.00774
  -0.00299
   0.00242
   0.00819
    0.0139
    0.0191
    0.0234
    0.0267
    0.0288
    0.0301
    0.0347
 -0.000794
 -0.000218
 -4.43e-05
 -8.93e-06
 -1.78e-06
 -3.44e-07
 -6.22e-08
  -8.3e-09
         0
         0
 -7.79e-09
 -5.89e-08
 -3.28e-07
  -1.7e-06
 -8.59e-06
 -4.27e-05
  -0.00021
 -0.000768
    0.0348
    0.0302
     0.029
    0.0269
    0.0237
    0.0193
    0.0141
   0.00833
   0.00251
  -0.00294
  -0.00772
   -0.0116
   -0.0146
   -0.0166
   -0.0179
   -0.0185
   -0.0187
   -0.0186
   -0.0184
    -0.018
   -0.0177
   -0.0175
   -0.0174
   -0.0173
   -0.0174
   -0.0175
   -0.0177
    -0.018
   -0.0184
   -0.0186
   -0.0187
   -0.0185
   -0.0179
   -0.0166
   -0.0146
   -0.0116
  -0.00772
  -0.00294
   0.00251
   0.00833
    0.0141
    0.0193
    0.0237
    0.0269
     0.029
    0.0302
    0.0348
 -0.000768
  -0.00021
 -4.27e-05
 -8.59e-06
  -1.7e-06
 -3.28e-07
 -5.89e-08
 -7.79e-09
         0
      19.3
 -7.27e-09
 -5.53e-08
  -3.1e-07
 -1.61e-06
 -8.17e-06
 -4.07e-05
 -0.000201
 -0.000735
    0.0348
    0.0303
    0.0292
    0.0272
     0.024
    0.0197
    0.0145
   0.00871
    0.0029
  -0.00253
  -0.00727
   -0.0111
    -0.014
    -0.016
   -0.0172
   -0.0177
   -0.0179
   -0.0177
   -0.0174
    -0.017
   -0.0167
   -0.0164
   -0.0163
   -0.0162
   -0.0163
   -0.0164
   -0.0167
    -0.017
   -0.0174
   -0.0177
   -0.0179
   -0.0177
   -0.0172
    -0.016
    -0.014
   -0.0111
  -0.00727
  -0.00253
    0.0029
   0.00871
    0.0145
    0.0197
     0.024
    0.0272
    0.0292
    0.0303
    0.0348
 -0.000735
 -0.000201
 -4.07e-05
 -8.17e-06
 -1.61e-06
  -3.1e-07
 -5.53e-08
 -7.27e-09
      19.3
      19.3
 -6.56e-09
 -5.06e-08
 -2.87e-07
 -1.51e-06
 -7.65e-06
 -3.82e-05
 -0.000189
 -0.000693
    0.0349
    0.0305
    0.0295
    0.0275
    0.0244
    0.0202
    0.0151
   0.00945
   0.00377
  -0.00154
  -0.00615
  -0.00988
   -0.0127
   -0.0145
   -0.0156
   -0.0161
   -0.0162
    -0.016
   -0.0156
   -0.0152
   -0.0149
   -0.0146
   -0.0144
   -0.0143
   -0.0144
   -0.0146
   -0.0149
   -0.0152
   -0.0156
    -0.016
   -0.0162
   -0.0161
   -0.0156
   -0.0145
   -0.0127
  -0.00988
  -0.00615
  -0.00154
   0.00377
   0.00945
    0.0151
    0.0202
    0.0244
    0.0275
    0.0295
    0.0305
    0.0349
 -0.000693
 -0.000189
 -3.82e-05
 -7.65e-06
 -1.51e-06
 -2.87e-07
 -5.06e-08
 -6.56e-09
      19.3
      19.3
 -5.79e-09
 -4.52e-08
 -2.59e-07
 -1.37e-06
    -7e-06
 -3.51e-05
 -0.000174
 -0.000638
     0.035
    0.0306
    0.0297
    0.0279
     0.025
     0.021
    0.0161
    0.0107
   0.00534
  0.000297
  -0.00406
  -0.00757
   -0.0102
   -0.0119
   -0.0129
   -0.0133
   -0.0133
    -0.013
   -0.0126
   -0.0122
   -0.0118
   -0.0115
   -0.0114
   -0.0113
   -0.0114
   -0.0115
   -0.0118
   -0.0122
   -0.0126
    -0.013
   -0.0133
   -0.0133
   -0.0129
   -0.0119
   -0.0102
  -0.00757
  -0.00406
  0.000297
   0.00534
    0.0107
    0.0161
     0.021
     0.025
    0.0279
    0.0297
    0.0306
     0.035
 -0.000638
 -0.000174
 -3.51e-05
    -7e-06
 -1.37e-06
 -2.59e-07
 -4.52e-08
 -5.79e-09
      19.3
      19.3
 -4.95e-09
 -3.91e-08
 -2.26e-07
  -1.2e-06
 -6.17e-06
  -3.1e-05
 -0.000154
 -0.000564
    0.0351
    0.0307
    0.0299
    0.0283
    0.0257
    0.0221
    0.0176
    0.0128
   0.00786
   0.00329
 -0.000653
   -0.0038
  -0.00612
  -0.00763
  -0.00847
  -0.00879
  -0.00872
  -0.00844
  -0.00804
  -0.00762
  -0.00726
  -0.00697
   -0.0068
  -0.00674
   -0.0068
  -0.00697
  -0.00726
  -0.00762
  -0.00804
  -0.00844
  -0.00872
  -0.00879
  -0.00847
  -0.00763
  -0.00612
   -0.0038
 -0.000653
   0.00329
   0.00786
    0.0128
    0.0176
    0.0221
    0.0257
    0.0283
    0.0299
    0.0307
    0.0351
 -0.000564
 -0.000154
  -3.1e-05
 -6.17e-06
  -1.2e-06
 -2.26e-07
 -3.91e-08
 -4.95e-09
      19.3
      19.3
 -4.03e-09
 -3.21e-08
 -1.87e-07
 -9.96e-07
 -5.11e-06
 -2.57e-05
 -0.000127
 -0.000469
    0.0352
    0.0309
    0.0302
    0.0289
    0.0267
    0.0236
    0.0198
    0.0157
    0.0115
   0.00768
   0.00435
    0.0017
 -0.000224
  -0.00147
  -0.00214
  -0.00235
  -0.00226
  -0.00197
  -0.00159
  -0.00121
 -0.000873
 -0.000614
 -0.000453
 -0.000398
 -0.000453
 -0.000614
 -0.000873
  -0.00121
  -0.00159
  -0.00197
  -0.00226
  -0.00235
  -0.00214
  -0.00147
 -0.000224
    0.0017
   0.00435
   0.00768
    0.0115
    0.0157
    0.0198
    0.0236
    0.0267
    0.0289
    0.0302
    0.0309
    0.0352
 -0.000469
 -0.000127
 -2.57e-05
 -5.11e-06
 -9.96e-07
 -1.87e-07
 -3.21e-08
 -4.03e-09
      19.3
      19.3
 -3.06e-09
 -2.45e-08
 -1.43e-07
 -7.64e-07
 -3.93e-06
 -1.97e-05
  -9.8e-05
  -0.00036
 -0.000456
 -0.000622
  -0.00114
  -0.00218
  -0.00391
  -0.00631
  -0.00926
   -0.0125
   -0.0158
   -0.0188
   -0.0214
   -0.0235
    -0.025
   -0.0259
   -0.0264
   -0.0265
   -0.0264
   -0.0262
   -0.0258
   -0.0255
   -0.0252
    -0.025
   -0.0249
   -0.0248
   -0.0249
    -0.025
   -0.0252
   -0.0255
   -0.0258
   -0.0262
   -0.0264
   -0.0265
   -0.0264
   -0.0259
    -0.025
   -0.0235
   -0.0214
   -0.0188
   -0.0158
   -0.0125
  -0.00926
  -0.00631
  -0.00391
  -0.00218
  -0.00114
 -0.000622
 -0.000456
  -0.00036
  -9.8e-05
 -1.97e-05
 -3.93e-06
 -7.64e-07
 -1.43e-07
 -2.45e-08
 -3.06e-09
      19.3
      19.3
 -2.47e-09
 -1.99e-08
 -1.16e-07
 -6.22e-07
  -3.2e-06
 -1.61e-05
 -7.98e-05
 -0.000294
 -0.000371
 -0.000507
 -0.000929
  -0.00179
  -0.00321
   -0.0052
  -0.00763
   -0.0103
    -0.013
   -0.0155
   -0.0176
   -0.0193
   -0.0205
   -0.0213
   -0.0217
   -0.0218
   -0.0216
   -0.0214
   -0.0211
   -0.0208
   -0.0206
   -0.0204
   -0.0203
   -0.0202
   -0.0203
   -0.0204
   -0.0206
   -0.0208
   -0.0211
   -0.0214
   -0.0216
   -0.0218
   -0.0217
   -0.0213
   -0.0205
   -0.0193
   -0.0176
   -0.0155
    -0.013
   -0.0103
  -0.00763
   -0.0052
  -0.00321
  -0.00179
 -0.000929
 -0.000507
 -0.000371
 -0.000294
 -7.98e-05
 -1.61e-05
  -3.2e-06
 -6.22e-07
 -1.16e-07
 -1.99e-08
 -2.47e-09
      19.3
      19.3
 -2.12e-09
  -1.7e-08
 -9.97e-08
 -5.34e-07
 -2.74e-06
 -1.38e-05
 -6.85e-05
 -0.000252
 -0.000319
 -0.000437
 -0.000803
  -0.00155
  -0.00278
   -0.0045
  -0.00661
  -0.00894
   -0.0113
   -0.0134
   -0.0153
   -0.0167
   -0.0178
   -0.0184
   -0.0187
   -0.0188
   -0.0187
   -0.0184
   -0.0182
   -0.0179
   -0.0177
   -0.0175
   -0.0174
   -0.0174
   -0.0174
   -0.0175
   -0.0177
   -0.0179
   -0.0182
   -0.0184
   -0.0187
   -0.0188
   -0.0187
   -0.0184
   -0.0178
   -0.0167
   -0.0153
   -0.0134
   -0.0113
  -0.00894
  -0.00661
   -0.0045
  -0.00278
  -0.00155
 -0.000803
 -0.000437
 -0.000319
 -0.000252
 -6.85e-05
 -1.38e-05
 -2.74e-06
 -5.34e-07
 -9.97e-08
  -1.7e-08
 -2.12e-09
      19.3
      19.3
 -1.89e-09
 -1.52e-08
 -8.88e-08
 -4.76e-07
 -2.44e-06
 -1.23e-05
  -6.1e-05
 -0.000224
 -0.000284
 -0.000391
 -0.000719
  -0.00139
   -0.0025
  -0.00404
  -0.00594
  -0.00802
   -0.0101
   -0.0121
   -0.0137
    -0.015
   -0.0159
   -0.0165
   -0.0168
   -0.0168
   -0.0167
   -0.0165
   -0.0162
    -0.016
   -0.0158
   -0.0156
   -0.0155
   -0.0155
   -0.0155
   -0.0156
   -0.0158
    -0.016
   -0.0162
   -0.0165
   -0.0167
   -0.0168
   -0.0168
   -0.0165
   -0.0159
    -0.015
   -0.0137
   -0.0121
   -0.0101
  -0.00802
  -0.00594
  -0.00404
   -0.0025
  -0.00139
 -0.000719
 -0.000391
 -0.000284
 -0.000224
  -6.1e-05
 -1.23e-05
 -2.44e-06
 -4.76e-07
 -8.88e-08
 -1.52e-08
 -1.89e-09
      19.3
      19.3
 -1.73e-09
 -1.39e-08
 -8.13e-08
 -4.35e-07
 -2.23e-06
 -1.12e-05
 -5.57e-05
 -0.000205
  -0.00026
 -0.000359
 -0.000662
  -0.00128
   -0.0023
  -0.00372
  -0.00546
  -0.00738
  -0.00931
   -0.0111
   -0.0126
   -0.0138
   -0.0146
   -0.0151
   -0.0154
   -0.0154
   -0.0153
   -0.0151
   -0.0148
   -0.0146
   -0.0144
   -0.0142
   -0.0141
   -0.0141
   -0.0141
   -0.0142
   -0.0144
   -0.0146
   -0.0148
   -0.0151
   -0.0153
   -0.0154
   -0.0154
   -0.0151
   -0.0146
   -0.0138
   -0.0126
   -0.0111
  -0.00931
  -0.00738
  -0.00546
  -0.00372
   -0.0023
  -0.00128
 -0.000662
 -0.000359
  -0.00026
 -0.000205
 -5.57e-05
 -1.12e-05
 -2.23e-06
 -4.35e-07
 -8.13e-08
 -1.39e-08
 -1.73e-09
      19.3
      19.3
 -1.62e-09
  -1.3e-08
 -7.58e-08
 -4.06e-07
 -2.08e-06
 -1.05e-05
 -5.19e-05
 -0.000191
 -0.000243
 -0.000336
  -0.00062
   -0.0012
  -0.00215
  -0.00348
  -0.00511
  -0.00691
  -0.00871
   -0.0104
   -0.0118
   -0.0129
   -0.0137
   -0.0142
   -0.0144
   -0.0144
   -0.0143
   -0.0141
   -0.0138
   -0.0136
   -0.0134
   -0.0133
   -0.0132
   -0.0131
   -0.0132
   -0.0133
   -0.0134
   -0.0136
   -0.0138
   -0.0141
   -0.0143
   -0.0144
   -0.0144
   -0.0142
   -0.0137
   -0.0129
   -0.0118
   -0.0104
  -0.00871
  -0.00691
  -0.00511
  -0.00348
  -0.00215
   -0.0012
  -0.00062
 -0.000336
 -0.000243
 -0.000191
 -5.19e-05
 -1.05e-05
 -2.08e-06
 -4.06e-07
 -7.58e-08
  -1.3e-08
 -1.62e-09
      19.3
      19.3
 -1.53e-09
 -1.23e-08
 -7.18e-08
 -3.84e-07
 -1.97e-06
 -9.91e-06
 -4.91e-05
 -0.000181
  -0.00023
 -0.000319
  -0.00059
  -0.00114
  -0.00205
  -0.00331
  -0.00486
  -0.00656
  -0.00827
  -0.00986
   -0.0112
   -0.0123
    -0.013
   -0.0134
   -0.0136
   -0.0136
   -0.0135
   -0.0133
   -0.0131
   -0.0129
   -0.0127
   -0.0125
   -0.0125
   -0.0124
   -0.0125
   -0.0125
   -0.0127
   -0.0129
   -0.0131
   -0.0133
   -0.0135
   -0.0136
   -0.0136
   -0.0134
    -0.013
   -0.0123
   -0.0112
  -0.00986
  -0.00827
  -0.00656
  -0.00486
  -0.00331
  -0.00205
  -0.00114
  -0.00059
 -0.000319
  -0.00023
 -0.000181
 -4.91e-05
 -9.91e-06
 -1.97e-06
 -3.84e-07
 -7.18e-08
 -1.23e-08
 -1.53e-09
      19.3
      19.3
 -1.47e-09
 -1.18e-08
 -6.89e-08
 -3.68e-07
 -1.89e-06
 -9.49e-06
  -4.7e-05
 -0.000173
  -0.00022
 -0.000306
 -0.000567
   -0.0011
  -0.00196
  -0.00318
  -0.00466
   -0.0063
  -0.00794
  -0.00946
   -0.0107
   -0.0118
   -0.0125
   -0.0129
   -0.0131
   -0.0131
   -0.0129
   -0.0128
   -0.0125
   -0.0123
   -0.0121
    -0.012
   -0.0119
   -0.0119
   -0.0119
    -0.012
   -0.0121
   -0.0123
   -0.0125
   -0.0128
   -0.0129
   -0.0131
   -0.0131
   -0.0129
   -0.0125
   -0.0118
   -0.0107
  -0.00946
  -0.00794
   -0.0063
  -0.00466
  -0.00318
  -0.00196
   -0.0011
 -0.000567
 -0.000306
  -0.00022
 -0.000173
  -4.7e-05
 -9.49e-06
 -1.89e-06
 -3.68e-07
 -6.89e-08
 -1.18e-08
 -1.47e-09
      19.3
      19.3
 -1.43e-09
 -1.14e-08
 -6.67e-08
 -3.56e-07
 -1.83e-06
 -9.17e-06
 -4.55e-05
 -0.000167
 -0.000213
 -0.000297
  -0.00055
  -0.00106
   -0.0019
  -0.00308
  -0.00451
  -0.00609
  -0.00768
  -0.00915
   -0.0104
   -0.0114
    -0.012
   -0.0125
   -0.0126
   -0.0126
   -0.0125
   -0.0123
   -0.0121
   -0.0119
   -0.0117
   -0.0116
   -0.0115
   -0.0115
   -0.0115
   -0.0116
   -0.0117
   -0.0119
   -0.0121
   -0.0123
   -0.0125
   -0.0126
   -0.0126
   -0.0125
    -0.012
   -0.0114
   -0.0104
  -0.00915
  -0.00768
  -0.00609
  -0.00451
  -0.00308
   -0.0019
  -0.00106
  -0.00055
 -0.000297
 -0.000213
 -0.000167
 -4.55e-05
 -9.17e-06
 -1.83e-06
 -3.56e-07
 -6.67e-08
 -1.14e-08
 -1.43e-09
      19.3
      19.3
 -1.39e-09
 -1.11e-08
  -6.5e-08
 -3.47e-07
 -1.78e-06
 -8.92e-06
 -4.42e-05
 -0.000163
 -0.000207
  -0.00029
 -0.000537
  -0.00104
  -0.00186
    -0.003
   -0.0044
  -0.00594
  -0.00748
  -0.00891
   -0.0101
   -0.0111
   -0.0117
   -0.0121
   -0.0123
   -0.0123
   -0.0122
    -0.012
   -0.0118
   -0.0116
   -0.0114
   -0.0113
   -0.0112
   -0.0111
   -0.0112
   -0.0113
   -0.0114
   -0.0116
   -0.0118
    -0.012
   -0.0122
   -0.0123
   -0.0123
   -0.0121
   -0.0117
   -0.0111
   -0.0101
  -0.00891
  -0.00748
  -0.00594
   -0.0044
    -0.003
  -0.00186
  -0.00104
 -0.000537
  -0.00029
 -0.000207
 -0.000163
 -4.42e-05
 -8.92e-06
 -1.78e-06
 -3.47e-07
  -6.5e-08
 -1.11e-08
 -1.39e-09
      19.3
      19.3
 -1.37e-09
 -1.09e-08
 -6.37e-08
 -3.39e-07
 -1.74e-06
 -8.73e-06
 -4.33e-05
 -0.000159
 -0.000203
 -0.000284
 -0.000527
  -0.00102
  -0.00182
  -0.00294
  -0.00431
  -0.00581
  -0.00733
  -0.00873
  -0.00992
   -0.0108
   -0.0115
   -0.0119
    -0.012
    -0.012
   -0.0119
   -0.0117
   -0.0115
   -0.0113
   -0.0111
    -0.011
   -0.0109
   -0.0109
   -0.0109
    -0.011
   -0.0111
   -0.0113
   -0.0115
   -0.0117
   -0.0119
    -0.012
    -0.012
   -0.0119
   -0.0115
   -0.0108
  -0.00992
  -0.00873
  -0.00733
  -0.00581
  -0.00431
  -0.00294
  -0.00182
  -0.00102
 -0.000527
 -0.000284
 -0.000203
 -0.000159
 -4.33e-05
 -8.73e-06
 -1.74e-06
 -3.39e-07
 -6.37e-08
 -1.09e-08
 -1.37e-09
      19.3
      19.3
 -1.35e-09
 -1.08e-08
 -6.27e-08
 -3.34e-07
 -1.71e-06
 -8.58e-06
 -4.25e-05
 -0.000156
   -0.0002
  -0.00028
 -0.000519
    -0.001
  -0.00179
  -0.00289
  -0.00424
  -0.00572
  -0.00721
  -0.00858
  -0.00975
   -0.0107
   -0.0113
   -0.0117
   -0.0118
   -0.0118
   -0.0117
   -0.0115
   -0.0113
   -0.0111
   -0.0109
   -0.0108
   -0.0107
   -0.0107
   -0.0107
   -0.0108
   -0.0109
   -0.0111
   -0.0113
   -0.0115
   -0.0117
   -0.0118
   -0.0118
   -0.0117
   -0.0113
   -0.0107
  -0.00975
  -0.00858
  -0.00721
  -0.00572
  -0.00424
  -0.00289
  -0.00179
    -0.001
 -0.000519
  -0.00028
   -0.0002
 -0.000156
 -4.25e-05
 -8.58e-06
 -1.71e-06
 -3.34e-07
 -6.27e-08
 -1.08e-08
 -1.35e-09
      19.3
      19.3
 -1.34e-09
 -1.06e-08
 -6.19e-08
  -3.3e-07
 -1.69e-06
 -8.47e-06
  -4.2e-05
 -0.000154
 -0.000197
 -0.000277
 -0.000513
 -0.000988
  -0.00177
  -0.00285
  -0.00418
  -0.00564
  -0.00711
  -0.00846
  -0.00961
   -0.0105
   -0.0111
   -0.0115
   -0.0117
   -0.0117
   -0.0115
   -0.0114
   -0.0111
    -0.011
   -0.0108
   -0.0107
   -0.0106
   -0.0105
   -0.0106
   -0.0107
   -0.0108
    -0.011
   -0.0111
   -0.0114
   -0.0115
   -0.0117
   -0.0117
   -0.0115
   -0.0111
   -0.0105
  -0.00961
  -0.00846
  -0.00711
  -0.00564
  -0.00418
  -0.00285
  -0.00177
 -0.000988
 -0.000513
 -0.000277
 -0.000197
 -0.000154
  -4.2e-05
 -8.47e-06
 -1.69e-06
  -3.3e-07
 -6.19e-08
 -1.06e-08
 -1.34e-09
      19.3
      19.3
 -1.33e-09
 -1.05e-08
 -6.13e-08
 -3.26e-07
 -1.67e-06
 -8.38e-06
 -4.15e-05
 -0.000153
 -0.000195
 -0.000274
 -0.000508
 -0.000979
  -0.00175
  -0.00282
  -0.00413
  -0.00558
  -0.00703
  -0.00837
  -0.00951
   -0.0104
    -0.011
   -0.0114
   -0.0115
   -0.0115
   -0.0114
   -0.0112
    -0.011
   -0.0108
   -0.0107
   -0.0105
   -0.0105
   -0.0104
   -0.0105
   -0.0105
   -0.0107
   -0.0108
    -0.011
   -0.0112
   -0.0114
   -0.0115
   -0.0115
   -0.0114
    -0.011
   -0.0104
  -0.00951
  -0.00837
  -0.00703
  -0.00558
  -0.00413
  -0.00282
  -0.00175
 -0.000979
 -0.000508
 -0.000274
 -0.000195
 -0.000153
 -4.15e-05
 -8.38e-06
 -1.67e-06
 -3.26e-07
 -6.13e-08
 -1.05e-08
 -1.33e-09
      19.3
      19.3
 -1.32e-09
 -1.05e-08
 -6.09e-08
 -3.24e-07
 -1.66e-06
 -8.31e-06
 -4.12e-05
 -0.000151
 -0.000194
 -0.000272
 -0.000505
 -0.000971
  -0.00173
   -0.0028
   -0.0041
  -0.00553
  -0.00697
   -0.0083
  -0.00942
   -0.0103
   -0.0109
   -0.0113
   -0.0114
   -0.0114
   -0.0113
   -0.0111
   -0.0109
   -0.0107
   -0.0106
   -0.0104
   -0.0104
   -0.0103
   -0.0104
   -0.0104
   -0.0106
   -0.0107
   -0.0109
   -0.0111
   -0.0113
   -0.0114
   -0.0114
   -0.0113
   -0.0109
   -0.0103
  -0.00942
   -0.0083
  -0.00697
  -0.00553
   -0.0041
   -0.0028
  -0.00173
 -0.000971
 -0.000505
 -0.000272
 -0.000194
 -0.000151
 -4.12e-05
 -8.31e-06
 -1.66e-06
 -3.24e-07
 -6.09e-08
 -1.05e-08
 -1.32e-09
      19.3
      19.3
 -1.31e-09
 -1.04e-08
 -6.05e-08
 -3.22e-07
 -1.65e-06
 -8.26e-06
 -4.09e-05
  -0.00015
 -0.000192
 -0.000271
 -0.000502
 -0.000966
  -0.00172
  -0.00278
  -0.00407
  -0.00549
  -0.00692
  -0.00824
  -0.00936
   -0.0102
   -0.0108
   -0.0112
   -0.0113
   -0.0113
   -0.0112
    -0.011
   -0.0108
   -0.0106
   -0.0105
   -0.0104
   -0.0103
   -0.0103
   -0.0103
   -0.0104
   -0.0105
   -0.0106
   -0.0108
    -0.011
   -0.0112
   -0.0113
   -0.0113
   -0.0112
   -0.0108
   -0.0102
  -0.00936
  -0.00824
  -0.00692
  -0.00549
  -0.00407
  -0.00278
  -0.00172
 -0.000966
 -0.000502
 -0.000271
 -0.000192
  -0.00015
 -4.09e-05
 -8.26e-06
 -1.65e-06
 -3.22e-07
 -6.05e-08
 -1.04e-08
 -1.31e-09
      19.3
      19.3
 -1.31e-09
 -1.04e-08
 -6.03e-08
  -3.2e-07
 -1.64e-06
 -8.21e-06
 -4.07e-05
 -0.000149
 -0.000192
  -0.00027
   -0.0005
 -0.000961
  -0.00172
  -0.00276
  -0.00405
  -0.00546
  -0.00688
  -0.00819
   -0.0093
   -0.0102
   -0.0108
   -0.0111
   -0.0113
   -0.0113
   -0.0112
    -0.011
   -0.0108
   -0.0106
   -0.0104
   -0.0103
   -0.0102
   -0.0102
   -0.0102
   -0.0103
   -0.0104
   -0.0106
   -0.0108
    -0.011
   -0.0112
   -0.0113
   -0.0113
   -0.0111
   -0.0108
   -0.0102
   -0.0093
  -0.00819
  -0.00688
  -0.00546
  -0.00405
  -0.00276
  -0.00172
 -0.000961
   -0.0005
  -0.00027
 -0.000192
 -0.000149
 -4.07e-05
 -8.21e-06
 -1.64e-06
  -3.2e-07
 -6.03e-08
 -1.04e-08
 -1.31e-09
      19.3
      19.3
 -1.31e-09
 -1.04e-08
 -6.01e-08
 -3.19e-07
 -1.63e-06
 -8.18e-06
 -4.05e-05
 -0.000149
 -0.000191
 -0.000269
 -0.000499
 -0.000958
  -0.00171
  -0.00275
  -0.00403
  -0.00543
  -0.00685
  -0.00815
  -0.00926
   -0.0101
   -0.0107
   -0.0111
   -0.0112
   -0.0112
   -0.0111
   -0.0109
   -0.0107
   -0.0105
   -0.0104
   -0.0102
   -0.0102
   -0.0101
   -0.0102
   -0.0102
   -0.0104
   -0.0105
   -0.0107
   -0.0109
   -0.0111
   -0.0112
   -0.0112
   -0.0111
   -0.0107
   -0.0101
  -0.00926
  -0.00815
  -0.00685
  -0.00543
  -0.00403
  -0.00275
  -0.00171
 -0.000958
 -0.000499
 -0.000269
 -0.000191
 -0.000149
 -4.05e-05
 -8.18e-06
 -1.63e-06
 -3.19e-07
 -6.01e-08
 -1.04e-08
 -1.31e-09
      19.3
      19.3
 -1.31e-09
 -1.04e-08
    -6e-08
 -3.19e-07
 -1.63e-06
 -8.16e-06
 -4.04e-05
 -0.000148
  -0.00019
 -0.000269
 -0.000498
 -0.000956
   -0.0017
  -0.00274
  -0.00401
  -0.00541
  -0.00682
  -0.00812
  -0.00922
   -0.0101
   -0.0107
    -0.011
   -0.0112
   -0.0112
   -0.0111
   -0.0109
   -0.0107
   -0.0105
   -0.0103
   -0.0102
   -0.0101
   -0.0101
   -0.0101
   -0.0102
   -0.0103
   -0.0105
   -0.0107
   -0.0109
   -0.0111
   -0.0112
   -0.0112
    -0.011
   -0.0107
   -0.0101
  -0.00922
  -0.00812
  -0.00682
  -0.00541
  -0.00401
  -0.00274
   -0.0017
 -0.000956
 -0.000498
 -0.000269
  -0.00019
 -0.000148
 -4.04e-05
 -8.16e-06
 -1.63e-06
 -3.19e-07
    -6e-08
 -1.04e-08
 -1.31e-09
      19.3
      19.3
 -1.31e-09
 -1.04e-08
 -5.99e-08
 -3.18e-07
 -1.63e-06
 -8.14e-06
 -4.03e-05
 -0.000148
  -0.00019
 -0.000269
 -0.000498
 -0.000954
   -0.0017
  -0.00274
    -0.004
   -0.0054
   -0.0068
  -0.00809
  -0.00919
     -0.01
   -0.0106
    -0.011
   -0.0111
   -0.0111
    -0.011
   -0.0108
   -0.0107
   -0.0105
   -0.0103
   -0.0102
   -0.0101
   -0.0101
   -0.0101
   -0.0102
   -0.0103
   -0.0105
   -0.0107
   -0.0108
    -0.011
   -0.0111
   -0.0111
    -0.011
   -0.0106
     -0.01
  -0.00919
  -0.00809
   -0.0068
   -0.0054
    -0.004
  -0.00274
   -0.0017
 -0.000954
 -0.000498
 -0.000269
  -0.00019
 -0.000148
 -4.03e-05
 -8.14e-06
 -1.63e-06
 -3.18e-07
 -5.99e-08
 -1.04e-08
 -1.31e-09
      19.3
      19.3
 -1.31e-09
 -1.04e-08
 -5.99e-08
 -3.18e-07
 -1.62e-06
 -8.13e-06
 -4.02e-05
 -0.000148
  -0.00019
 -0.000269
 -0.000498
 -0.000953
   -0.0017
  -0.00273
  -0.00399
  -0.00538
  -0.00678
  -0.00807
  -0.00917
     -0.01
   -0.0106
    -0.011
   -0.0111
   -0.0111
    -0.011
   -0.0108
   -0.0106
   -0.0104
   -0.0103
   -0.0102
   -0.0101
     -0.01
   -0.0101
   -0.0102
   -0.0103
   -0.0104
   -0.0106
   -0.0108
    -0.011
   -0.0111
   -0.0111
    -0.011
   -0.0106
     -0.01
  -0.00917
  -0.00807
  -0.00678
  -0.00538
  -0.00399
  -0.00273
   -0.0017
 -0.000953
 -0.000498
 -0.000269
  -0.00019
 -0.000148
 -4.02e-05
 -8.13e-06
 -1.62e-06
 -3.18e-07
 -5.99e-08
 -1.04e-08
 -1.31e-09
      19.3
      19.3
 -1.31e-09
 -1.04e-08
 -5.99e-08
 -3.18e-07
 -1.62e-06
 -8.12e-06
 -4.02e-05
 -0.000148
  -0.00019
 -0.000269
 -0.000498
 -0.000953
  -0.00169
  -0.00273
  -0.00399
  -0.00537
  -0.00677
  -0.00806
  -0.00915
     -0.01
   -0.0106
   -0.0109
   -0.0111
   -0.0111
    -0.011
   -0.0108
   -0.0106
   -0.0104
   -0.0103
   -0.0101
   -0.0101
     -0.01
   -0.0101
   -0.0101
   -0.0103
   -0.0104
   -0.0106
   -0.0108
    -0.011
   -0.0111
   -0.0111
   -0.0109
   -0.0106
     -0.01
  -0.00915
  -0.00806
  -0.00677
  -0.00537
  -0.00399
  -0.00273
  -0.00169
 -0.000953
 -0.000498
 -0.000269
  -0.00019
 -0.000148
 -4.02e-05
 -8.12e-06
 -1.62e-06
 -3.18e-07
 -5.99e-08
 -1.04e-08
 -1.31e-09
      19.3
      19.3
 -1.31e-09
 -1.04e-08
    -6e-08
 -3.18e-07
 -1.62e-06
 -8.12e-06
 -4.02e-05
 -0.000148
  -0.00019
 -0.000269
 -0.000498
 -0.000952
  -0.00169
  -0.00272
  -0.00398
  -0.00537
  -0.00676
  -0.00804
  -0.00914
  -0.00999
   -0.0106
   -0.0109
   -0.0111
   -0.0111
    -0.011
   -0.0108
   -0.0106
   -0.0104
   -0.0102
   -0.0101
     -0.01
     -0.01
     -0.01
   -0.0101
   -0.0102
   -0.0104
   -0.0106
   -0.0108
    -0.011
   -0.0111
   -0.0111
   -0.0109
   -0.0106
  -0.00999
  -0.00914
  -0.00804
  -0.00676
  -0.00537
  -0.00398
  -0.00272
  -0.00169
 -0.000952
 -0.000498
 -0.000269
  -0.00019
 -0.000148
 -4.02e-05
 -8.12e-06
 -1.62e-06
 -3.18e-07
    -6e-08
 -1.04e-08
 -1.31e-09
      19.3
      19.3
 -1.32e-09
 -1.04e-08
    -6e-08
 -3.18e-07
 -1.62e-06
 -8.12e-06
 -4.02e-05
 -0.000147
  -0.00019
 -0.000269
 -0.000498
 -0.000953
  -0.00169
  -0.00272
  -0.00398
  -0.00536
  -0.00675
  -0.00803
  -0.00912
  -0.00997
   -0.0106
   -0.0109
   -0.0111
   -0.0111
   -0.0109
   -0.0108
   -0.0106
   -0.0104
   -0.0102
   -0.0101
     -0.01
     -0.01
     -0.01
   -0.0101
   -0.0102
   -0.0104
   -0.0106
   -0.0108
   -0.0109
   -0.0111
   -0.0111
   -0.0109
   -0.0106
  -0.00997
  -0.00912
  -0.00803
  -0.00675
  -0.00536
  -0.00398
  -0.00272
  -0.00169
 -0.000953
 -0.000498
 -0.000269
  -0.00019
 -0.000147
 -4.02e-05
 -8.12e-06
 -1.62e-06
 -3.18e-07
    -6e-08
 -1.04e-08
 -1.32e-09
      19.3
      19.3
 -1.32e-09
 -1.04e-08
 -6.01e-08
 -3.18e-07
 -1.62e-06
 -8.12e-06
 -4.02e-05
 -0.000147
  -0.00019
  -0.00027
 -0.000499
 -0.000953
  -0.00169
  -0.00272
  -0.00397
  -0.00536
  -0.00674
  -0.00802
  -0.00911
  -0.00996
   -0.0106
   -0.0109
   -0.0111
    -0.011
   -0.0109
   -0.0108
   -0.0106
   -0.0104
   -0.0102
   -0.0101
     -0.01
     -0.01
     -0.01
   -0.0101
   -0.0102
   -0.0104
   -0.0106
   -0.0108
   -0.0109
    -0.011
   -0.0111
   -0.0109
   -0.0106
  -0.00996
  -0.00911
  -0.00802
  -0.00674
  -0.00536
  -0.00397
  -0.00272
  -0.00169
 -0.000953
 -0.000499
  -0.00027
  -0.00019
 -0.000147
 -4.02e-05
 -8.12e-06
 -1.62e-06
 -3.18e-07
 -6.01e-08
 -1.04e-08
 -1.32e-09
      19.3
      19.3
 -1.33e-09
 -1.05e-08
 -6.02e-08
 -3.19e-07
 -1.63e-06
 -8.13e-06
 -4.02e-05
 -0.000148
  -0.00019
  -0.00027
   -0.0005
 -0.000954
  -0.00169
  -0.00272
  -0.00397
  -0.00535
  -0.00674
  -0.00802
  -0.00911
  -0.00996
   -0.0105
   -0.0109
    -0.011
    -0.011
   -0.0109
   -0.0108
   -0.0106
   -0.0104
   -0.0102
   -0.0101
     -0.01
  -0.00999
     -0.01
   -0.0101
   -0.0102
   -0.0104
   -0.0106
   -0.0108
   -0.0109
    -0.011
    -0.011
   -0.0109
   -0.0105
  -0.00996
  -0.00911
  -0.00802
  -0.00674
  -0.00535
  -0.00397
  -0.00272
  -0.00169
 -0.000954
   -0.0005
  -0.00027
  -0.00019
 -0.000148
 -4.02e-05
 -8.13e-06
 -1.63e-06
 -3.19e-07
 -6.02e-08
 -1.05e-08
 -1.33e-09
      19.3
      19.3
 -1.33e-09
 -1.05e-08
 -6.03e-08
 -3.19e-07
 -1.63e-06
 -8.13e-06
 -4.02e-05
 -0.000148
  -0.00019
 -0.000271
 -0.000501
 -0.000955
  -0.00169
  -0.00272
  -0.00397
  -0.00535
  -0.00673
  -0.00801
   -0.0091
  -0.00995
   -0.0105
   -0.0109
    -0.011
    -0.011
   -0.0109
   -0.0108
   -0.0106
   -0.0104
   -0.0102
   -0.0101
     -0.01
  -0.00999
     -0.01
   -0.0101
   -0.0102
   -0.0104
   -0.0106
   -0.0108
   -0.0109
    -0.011
    -0.011
   -0.0109
   -0.0105
  -0.00995
   -0.0091
  -0.00801
  -0.00673
  -0.00535
  -0.00397
  -0.00272
  -0.00169
 -0.000955
 -0.000501
 -0.000271
  -0.00019
 -0.000148
 -4.02e-05
 -8.13e-06
 -1.63e-06
 -3.19e-07
 -6.03e-08
 -1.05e-08
 -1.33e-09
      19.3
      19.3
 -1.34e-09
 -1.05e-08
 -6.05e-08
  -3.2e-07
 -1.63e-06
 -8.14e-06
 -4.03e-05
 -0.000148
 -0.000191
 -0.000272
 -0.000502
 -0.000956
  -0.00169
  -0.00272
  -0.00397
  -0.00535
  -0.00673
  -0.00801
   -0.0091
  -0.00995
   -0.0105
   -0.0109
    -0.011
    -0.011
   -0.0109
   -0.0108
   -0.0106
   -0.0104
   -0.0102
   -0.0101
     -0.01
  -0.00999
     -0.01
   -0.0101
   -0.0102
   -0.0104
   -0.0106
   -0.0108
   -0.0109
    -0.011
    -0.011
   -0.0109
   -0.0105
  -0.00995
   -0.0091
  -0.00801
  -0.00673
  -0.00535
  -0.00397
  -0.00272
  -0.00169
 -0.000956
 -0.000502
 -0.000272
 -0.000191
 -0.000148
 -4.03e-05
 -8.14e-06
 -1.63e-06
  -3.2e-07
 -6.05e-08
 -1.05e-08
 -1.34e-09
      19.3
      19.3
 -1.34e-09
 -1.06e-08
 -6.07e-08
  -3.2e-07
 -1.63e-06
 -8.16e-06
 -4.03e-05
 -0.000148
 -0.000191
 -0.000272
 -0.000503
 -0.000958
   -0.0017
  -0.00272
  -0.00397
  -0.00535
  -0.00673
  -0.00801
   -0.0091
  -0.00995
   -0.0105
   -0.0109
    -0.011
    -0.011
   -0.0109
   -0.0108
   -0.0106
   -0.0104
   -0.0102
   -0.0101
     -0.01
     -0.01
     -0.01
   -0.0101
   -0.0102
   -0.0104
   -0.0106
   -0.0108
   -0.0109
    -0.011
    -0.011
   -0.0109
   -0.0105
  -0.00995
   -0.0091
  -0.00801
  -0.00673
  -0.00535
  -0.00397
  -0.00272
   -0.0017
 -0.000958
 -0.000503
 -0.000272
 -0.000191
 -0.000148
 -4.03e-05
 -8.16e-06
 -1.63e-06
  -3.2e-07
 -6.07e-08
 -1.06e-08
 -1.34e-09
      19.3
      19.3
 -1.35e-09
 -1.06e-08
 -6.08e-08
 -3.21e-07
 -1.64e-06
 -8.17e-06
 -4.04e-05
 -0.000148
 -0.000191
 -0.000273
 -0.000505
  -0.00096
   -0.0017
  -0.00272
  -0.00397
  -0.00535
  -0.00673
  -0.00801
   -0.0091
  -0.00995
   -0.0105
   -0.0109
    -0.011
    -0.011
   -0.0109
   -0.0108
   -0.0106
   -0.0104
   -0.0102
   -0.0101
     -0.01
     -0.01
     -0.01
   -0.0101
   -0.0102
   -0.0104
   -0.0106
   -0.0108
   -0.0109
    -0.011
    -0.011
   -0.0109
   -0.0105
  -0.00995
   -0.0091
  -0.00801
  -0.00673
  -0.00535
  -0.00397
  -0.00272
   -0.0017
  -0.00096
 -0.000505
 -0.000273
 -0.000191
 -0.000148
 -4.04e-05
 -8.17e-06
 -1.64e-06
 -3.21e-07
 -6.08e-08
 -1.06e-08
 -1.35e-09
      19.3
      19.3
 -1.36e-09
 -1.06e-08
  -6.1e-08
 -3.22e-07
 -1.64e-06
 -8.19e-06
 -4.04e-05
 -0.000148
 -0.000192
 -0.000274
 -0.000506
 -0.000962
   -0.0017
  -0.00272
  -0.00398
  -0.00535
  -0.00673
  -0.00801
   -0.0091
  -0.00995
   -0.0105
   -0.0109
    -0.011
    -0.011
   -0.0109
   -0.0108
   -0.0106
   -0.0104
   -0.0102
   -0.0101
     -0.01
     -0.01
     -0.01
   -0.0101
   -0.0102
   -0.0104
   -0.0106
   -0.0108
   -0.0109
    -0.011
    -0.011
   -0.0109
   -0.0105
  -0.00995
   -0.0091
  -0.00801
  -0.00673
  -0.00535
  -0.00398
  -0.00272
   -0.0017
 -0.000962
 -0.000506
 -0.000274
 -0.000192
 -0.000148
 -4.04e-05
 -8.19e-06
 -1.64e-06
 -3.22e-07
  -6.1e-08
 -1.06e-08
 -1.36e-09
      19.3
      19.3
 -1.37e-09
 -1.07e-08
 -6.13e-08
 -3.23e-07
 -1.64e-06
 -8.21e-06
 -4.05e-05
 -0.000149
 -0.000192
 -0.000275
 -0.000508
 -0.000965
   -0.0017
  -0.00273
  -0.00398
  -0.00536
  -0.00674
  -0.00802
  -0.00911
  -0.00996
   -0.0105
   -0.0109
   -0.0111
   -0.0111
   -0.0109
   -0.0108
   -0.0106
   -0.0104
   -0.0102
   -0.0101
     -0.01
     -0.01
     -0.01
   -0.0101
   -0.0102
   -0.0104
   -0.0106
   -0.0108
   -0.0109
   -0.0111
   -0.0111
   -0.0109
   -0.0105
  -0.00996
  -0.00911
  -0.00802
  -0.00674
  -0.00536
  -0.00398
  -0.00273
   -0.0017
 -0.000965
 -0.000508
 -0.000275
 -0.000192
 -0.000149
 -4.05e-05
 -8.21e-06
 -1.64e-06
 -3.23e-07
 -6.13e-08
 -1.07e-08
 -1.37e-09
      19.3
      19.3
 -1.37e-09
 -1.07e-08
 -6.15e-08
 -3.24e-07
 -1.65e-06
 -8.23e-06
 -4.06e-05
 -0.000149
 -0.000193
 -0.000277
  -0.00051
 -0.000967
  -0.00171
  -0.00273
  -0.00398
  -0.00536
  -0.00674
  -0.00802
  -0.00911
  -0.00996
   -0.0106
   -0.0109
   -0.0111
   -0.0111
    -0.011
   -0.0108
   -0.0106
   -0.0104
   -0.0103
   -0.0101
   -0.0101
     -0.01
   -0.0101
   -0.0101
   -0.0103
   -0.0104
   -0.0106
   -0.0108
    -0.011
   -0.0111
   -0.0111
   -0.0109
   -0.0106
  -0.00996
  -0.00911
  -0.00802
  -0.00674
  -0.00536
  -0.00398
  -0.00273
  -0.00171
 -0.000967
  -0.00051
 -0.000277
 -0.000193
 -0.000149
 -4.06e-05
 -8.23e-06
 -1.65e-06
 -3.24e-07
 -6.15e-08
 -1.07e-08
 -1.37e-09
      19.3
      19.3
 -1.38e-09
 -1.08e-08
 -6.18e-08
 -3.25e-07
 -1.65e-06
 -8.25e-06
 -4.07e-05
 -0.000149
 -0.000194
 -0.000278
 -0.000512
 -0.000971
  -0.00171
  -0.00274
  -0.00399
  -0.00537
  -0.00675
  -0.00803
  -0.00912
  -0.00998
   -0.0106
   -0.0109
   -0.0111
   -0.0111
    -0.011
   -0.0108
   -0.0106
   -0.0104
   -0.0103
   -0.0101
   -0.0101
     -0.01
   -0.0101
   -0.0101
   -0.0103
   -0.0104
   -0.0106
   -0.0108
    -0.011
   -0.0111
   -0.0111
   -0.0109
   -0.0106
  -0.00998
  -0.00912
  -0.00803
  -0.00675
  -0.00537
  -0.00399
  -0.00274
  -0.00171
 -0.000971
 -0.000512
 -0.000278
 -0.000194
 -0.000149
 -4.07e-05
 -8.25e-06
 -1.65e-06
 -3.25e-07
 -6.18e-08
 -1.08e-08
 -1.38e-09
      19.3
      19.3
 -1.39e-09
 -1.09e-08
 -6.21e-08
 -3.27e-07
 -1.66e-06
 -8.28e-06
 -4.09e-05
  -0.00015
 -0.000194
 -0.000279
 -0.000515
 -0.000974
  -0.00172
  -0.00274
    -0.004
  -0.00538
  -0.00676
  -0.00805
  -0.00914
  -0.00999
   -0.0106
   -0.0109
   -0.0111
   -0.0111
    -0.011
   -0.0108
   -0.0106
   -0.0105
   -0.0103
   -0.0102
   -0.0101
   -0.0101
   -0.0101
   -0.0102
   -0.0103
   -0.0105
   -0.0106
   -0.0108
    -0.011
   -0.0111
   -0.0111
   -0.0109
   -0.0106
  -0.00999
  -0.00914
  -0.00805
  -0.00676
  -0.00538
    -0.004
  -0.00274
  -0.00172
 -0.000974
 -0.000515
 -0.000279
 -0.000194
  -0.00015
 -4.09e-05
 -8.28e-06
 -1.66e-06
 -3.27e-07
 -6.21e-08
 -1.09e-08
 -1.39e-09
      19.3
      19.3
  -1.4e-09
 -1.09e-08
 -6.25e-08
 -3.29e-07
 -1.67e-06
 -8.32e-06
  -4.1e-05
  -0.00015
 -0.000195
 -0.000281
 -0.000518
 -0.000979
  -0.00172
  -0.00275
  -0.00401
  -0.00539
  -0.00678
  -0.00806
  -0.00916
     -0.01
   -0.0106
    -0.011
   -0.0111
   -0.0111
    -0.011
   -0.0109
   -0.0107
   -0.0105
   -0.0103
   -0.0102
   -0.0101
   -0.0101
   -0.0101
   -0.0102
   -0.0103
   -0.0105
   -0.0107
   -0.0109
    -0.011
   -0.0111
   -0.0111
    -0.011
   -0.0106
     -0.01
  -0.00916
  -0.00806
  -0.00678
  -0.00539
  -0.00401
  -0.00275
  -0.00172
 -0.000979
 -0.000518
 -0.000281
 -0.000195
  -0.00015
  -4.1e-05
 -8.32e-06
 -1.67e-06
 -3.29e-07
 -6.25e-08
 -1.09e-08
  -1.4e-09
      19.3
      19.3
 -1.42e-09
  -1.1e-08
 -6.29e-08
  -3.3e-07
 -1.68e-06
 -8.36e-06
 -4.12e-05
 -0.000151
 -0.000196
 -0.000283
 -0.000521
 -0.000983
  -0.00173
  -0.00276
  -0.00402
   -0.0054
   -0.0068
  -0.00808
  -0.00918
     -0.01
   -0.0106
    -0.011
   -0.0112
   -0.0112
   -0.0111
   -0.0109
   -0.0107
   -0.0105
   -0.0104
   -0.0102
   -0.0102
   -0.0101
   -0.0102
   -0.0102
   -0.0104
   -0.0105
   -0.0107
   -0.0109
   -0.0111
   -0.0112
   -0.0112
    -0.011
   -0.0106
     -0.01
  -0.00918
  -0.00808
   -0.0068
   -0.0054
  -0.00402
  -0.00276
  -0.00173
 -0.000983
 -0.000521
 -0.000283
 -0.000196
 -0.000151
 -4.12e-05
 -8.36e-06
 -1.68e-06
  -3.3e-07
 -6.29e-08
  -1.1e-08
 -1.42e-09
      19.3
      19.3
 -1.43e-09
 -1.11e-08
 -6.33e-08
 -3.33e-07
 -1.69e-06
  -8.4e-06
 -4.15e-05
 -0.000152
 -0.000198
 -0.000285
 -0.000525
 -0.000989
  -0.00174
  -0.00277
  -0.00404
  -0.00542
  -0.00682
  -0.00811
  -0.00921
   -0.0101
   -0.0107
    -0.011
   -0.0112
   -0.0112
   -0.0111
   -0.0109
   -0.0107
   -0.0106
   -0.0104
   -0.0103
   -0.0102
   -0.0102
   -0.0102
   -0.0103
   -0.0104
   -0.0106
   -0.0107
   -0.0109
   -0.0111
   -0.0112
   -0.0112
    -0.011
   -0.0107
   -0.0101
  -0.00921
  -0.00811
  -0.00682
  -0.00542
  -0.00404
  -0.00277
  -0.00174
 -0.000989
 -0.000525
 -0.000285
 -0.000198
 -0.000152
 -4.15e-05
  -8.4e-06
 -1.69e-06
 -3.33e-07
 -6.33e-08
 -1.11e-08
 -1.43e-09
      19.3
      19.3
 -1.44e-09
 -1.12e-08
 -6.38e-08
 -3.35e-07
  -1.7e-06
 -8.46e-06
 -4.17e-05
 -0.000153
 -0.000199
 -0.000287
 -0.000529
 -0.000996
  -0.00175
  -0.00279
  -0.00405
  -0.00545
  -0.00685
  -0.00815
  -0.00925
   -0.0101
   -0.0107
   -0.0111
   -0.0113
   -0.0113
   -0.0112
    -0.011
   -0.0108
   -0.0106
   -0.0104
   -0.0103
   -0.0103
   -0.0102
   -0.0103
   -0.0103
   -0.0104
   -0.0106
   -0.0108
    -0.011
   -0.0112
   -0.0113
   -0.0113
   -0.0111
   -0.0107
   -0.0101
  -0.00925
  -0.00815
  -0.00685
  -0.00545
  -0.00405
  -0.00279
  -0.00175
 -0.000996
 -0.000529
 -0.000287
 -0.000199
 -0.000153
 -4.17e-05
 -8.46e-06
  -1.7e-06
 -3.35e-07
 -6.38e-08
 -1.12e-08
 -1.44e-09
      19.3
      19.3
 -1.46e-09
 -1.13e-08
 -6.44e-08
 -3.38e-07
 -1.71e-06
 -8.53e-06
  -4.2e-05
 -0.000154
 -0.000201
  -0.00029
 -0.000534
    -0.001
  -0.00176
   -0.0028
  -0.00408
  -0.00548
  -0.00689
  -0.00819
   -0.0093
   -0.0102
   -0.0108
   -0.0112
   -0.0113
   -0.0113
   -0.0112
   -0.0111
   -0.0109
   -0.0107
   -0.0105
   -0.0104
   -0.0103
   -0.0103
   -0.0103
   -0.0104
   -0.0105
   -0.0107
   -0.0109
   -0.0111
   -0.0112
   -0.0113
   -0.0113
   -0.0112
   -0.0108
   -0.0102
   -0.0093
  -0.00819
  -0.00689
  -0.00548
  -0.00408
   -0.0028
  -0.00176
    -0.001
 -0.000534
  -0.00029
 -0.000201
 -0.000154
  -4.2e-05
 -8.53e-06
 -1.71e-06
 -3.38e-07
 -6.44e-08
 -1.13e-08
 -1.46e-09
      19.3
      19.3
 -1.48e-09
 -1.15e-08
 -6.51e-08
 -3.41e-07
 -1.73e-06
 -8.61e-06
 -4.24e-05
 -0.000155
 -0.000203
 -0.000293
 -0.000539
  -0.00101
  -0.00177
  -0.00283
  -0.00411
  -0.00552
  -0.00694
  -0.00825
  -0.00937
   -0.0102
   -0.0109
   -0.0112
   -0.0114
   -0.0114
   -0.0113
   -0.0111
   -0.0109
   -0.0108
   -0.0106
   -0.0105
   -0.0104
   -0.0104
   -0.0104
   -0.0105
   -0.0106
   -0.0108
   -0.0109
   -0.0111
   -0.0113
   -0.0114
   -0.0114
   -0.0112
   -0.0109
   -0.0102
  -0.00937
  -0.00825
  -0.00694
  -0.00552
  -0.00411
  -0.00283
  -0.00177
  -0.00101
 -0.000539
 -0.000293
 -0.000203
 -0.000155
 -4.24e-05
 -8.61e-06
 -1.73e-06
 -3.41e-07
 -6.51e-08
 -1.15e-08
 -1.48e-09
      19.3
      19.3
  -1.5e-09
 -1.16e-08
 -6.59e-08
 -3.45e-07
 -1.75e-06
  -8.7e-06
 -4.29e-05
 -0.000157
 -0.000205
 -0.000297
 -0.000546
  -0.00102
  -0.00179
  -0.00285
  -0.00414
  -0.00557
    -0.007
  -0.00832
  -0.00945
   -0.0103
    -0.011
   -0.0113
   -0.0115
   -0.0115
   -0.0114
   -0.0112
    -0.011
   -0.0109
   -0.0107
   -0.0106
   -0.0105
   -0.0105
   -0.0105
   -0.0106
   -0.0107
   -0.0109
    -0.011
   -0.0112
   -0.0114
   -0.0115
   -0.0115
   -0.0113
    -0.011
   -0.0103
  -0.00945
  -0.00832
    -0.007
  -0.00557
  -0.00414
  -0.00285
  -0.00179
  -0.00102
 -0.000546
 -0.000297
 -0.000205
 -0.000157
 -4.29e-05
  -8.7e-06
 -1.75e-06
 -3.45e-07
 -6.59e-08
 -1.16e-08
  -1.5e-09
      19.3
      19.3
 -1.53e-09
 -1.18e-08
 -6.69e-08
  -3.5e-07
 -1.77e-06
 -8.82e-06
 -4.34e-05
 -0.000159
 -0.000208
 -0.000301
 -0.000554
  -0.00104
  -0.00181
  -0.00289
  -0.00419
  -0.00563
  -0.00707
  -0.00841
  -0.00955
   -0.0104
   -0.0111
   -0.0115
   -0.0116
   -0.0116
   -0.0115
   -0.0114
   -0.0112
    -0.011
   -0.0108
   -0.0107
   -0.0106
   -0.0106
   -0.0106
   -0.0107
   -0.0108
    -0.011
   -0.0112
   -0.0114
   -0.0115
   -0.0116
   -0.0116
   -0.0115
   -0.0111
   -0.0104
  -0.00955
  -0.00841
  -0.00707
  -0.00563
  -0.00419
  -0.00289
  -0.00181
  -0.00104
 -0.000554
 -0.000301
 -0.000208
 -0.000159
 -4.34e-05
 -8.82e-06
 -1.77e-06
  -3.5e-07
 -6.69e-08
 -1.18e-08
 -1.53e-09
      19.3
      19.3
 -1.55e-09
  -1.2e-08
 -6.81e-08
 -3.56e-07
  -1.8e-06
 -8.96e-06
 -4.41e-05
 -0.000162
 -0.000211
 -0.000307
 -0.000563
  -0.00105
  -0.00184
  -0.00293
  -0.00425
   -0.0057
  -0.00717
  -0.00852
  -0.00968
   -0.0106
   -0.0112
   -0.0116
   -0.0118
   -0.0118
   -0.0117
   -0.0115
   -0.0113
   -0.0112
    -0.011
   -0.0109
   -0.0108
   -0.0108
   -0.0108
   -0.0109
    -0.011
   -0.0112
   -0.0113
   -0.0115
   -0.0117
   -0.0118
   -0.0118
   -0.0116
   -0.0112
   -0.0106
  -0.00968
  -0.00852
  -0.00717
   -0.0057
  -0.00425
  -0.00293
  -0.00184
  -0.00105
 -0.000563
 -0.000307
 -0.000211
 -0.000162
 -4.41e-05
 -8.96e-06
  -1.8e-06
 -3.56e-07
 -6.81e-08
  -1.2e-08
 -1.55e-09
      19.3
      19.3
 -1.59e-09
 -1.23e-08
 -6.95e-08
 -3.63e-07
 -1.84e-06
 -9.14e-06
  -4.5e-05
 -0.000165
 -0.000215
 -0.000313
 -0.000574
  -0.00107
  -0.00188
  -0.00298
  -0.00432
   -0.0058
  -0.00729
  -0.00867
  -0.00985
   -0.0108
   -0.0114
   -0.0118
    -0.012
    -0.012
   -0.0119
   -0.0117
   -0.0115
   -0.0114
   -0.0112
   -0.0111
    -0.011
    -0.011
    -0.011
   -0.0111
   -0.0112
   -0.0114
   -0.0115
   -0.0117
   -0.0119
    -0.012
    -0.012
   -0.0118
   -0.0114
   -0.0108
  -0.00985
  -0.00867
  -0.00729
   -0.0058
  -0.00432
  -0.00298
  -0.00188
  -0.00107
 -0.000574
 -0.000313
 -0.000215
 -0.000165
  -4.5e-05
 -9.14e-06
 -1.84e-06
 -3.63e-07
 -6.95e-08
 -1.23e-08
 -1.59e-09
      19.3
      19.3
 -1.63e-09
 -1.26e-08
 -7.12e-08
 -3.72e-07
 -1.88e-06
 -9.36e-06
 -4.61e-05
 -0.000169
 -0.000221
 -0.000321
 -0.000588
   -0.0011
  -0.00192
  -0.00304
  -0.00442
  -0.00593
  -0.00745
  -0.00885
   -0.0101
    -0.011
   -0.0117
   -0.0121
   -0.0123
   -0.0123
   -0.0122
    -0.012
   -0.0118
   -0.0116
   -0.0114
   -0.0113
   -0.0112
   -0.0112
   -0.0112
   -0.0113
   -0.0114
   -0.0116
   -0.0118
    -0.012
   -0.0122
   -0.0123
   -0.0123
   -0.0121
   -0.0117
    -0.011
   -0.0101
  -0.00885
  -0.00745
  -0.00593
  -0.00442
  -0.00304
  -0.00192
   -0.0011
 -0.000588
 -0.000321
 -0.000221
 -0.000169
 -4.61e-05
 -9.36e-06
 -1.88e-06
 -3.72e-07
 -7.12e-08
 -1.26e-08
 -1.63e-09
      19.3
      19.3
 -1.68e-09
  -1.3e-08
 -7.34e-08
 -3.83e-07
 -1.94e-06
 -9.64e-06
 -4.75e-05
 -0.000174
 -0.000227
 -0.000331
 -0.000606
  -0.00113
  -0.00197
  -0.00313
  -0.00454
  -0.00609
  -0.00764
  -0.00909
   -0.0103
   -0.0113
    -0.012
   -0.0124
   -0.0126
   -0.0126
   -0.0125
   -0.0123
   -0.0121
   -0.0119
   -0.0118
   -0.0116
   -0.0116
   -0.0115
   -0.0116
   -0.0116
   -0.0118
   -0.0119
   -0.0121
   -0.0123
   -0.0125
   -0.0126
   -0.0126
   -0.0124
    -0.012
   -0.0113
   -0.0103
  -0.00909
  -0.00764
  -0.00609
  -0.00454
  -0.00313
  -0.00197
  -0.00113
 -0.000606
 -0.000331
 -0.000227
 -0.000174
 -4.75e-05
 -9.64e-06
 -1.94e-06
 -3.83e-07
 -7.34e-08
  -1.3e-08
 -1.68e-09
      19.3
      19.3
 -1.75e-09
 -1.35e-08
 -7.61e-08
 -3.98e-07
 -2.01e-06
 -9.99e-06
 -4.92e-05
  -0.00018
 -0.000236
 -0.000343
 -0.000627
  -0.00117
  -0.00204
  -0.00323
  -0.00469
  -0.00629
   -0.0079
   -0.0094
   -0.0107
   -0.0117
   -0.0124
   -0.0128
    -0.013
   -0.0131
    -0.013
   -0.0128
   -0.0126
   -0.0124
   -0.0122
   -0.0121
    -0.012
    -0.012
    -0.012
   -0.0121
   -0.0122
   -0.0124
   -0.0126
   -0.0128
    -0.013
   -0.0131
    -0.013
   -0.0128
   -0.0124
   -0.0117
   -0.0107
   -0.0094
   -0.0079
  -0.00629
  -0.00469
  -0.00323
  -0.00204
  -0.00117
 -0.000627
 -0.000343
 -0.000236
  -0.00018
 -4.92e-05
 -9.99e-06
 -2.01e-06
 -3.98e-07
 -7.61e-08
 -1.35e-08
 -1.75e-09
      19.3
      19.3
 -1.82e-09
 -1.41e-08
 -7.96e-08
 -4.16e-07
  -2.1e-06
 -1.05e-05
 -5.15e-05
 -0.000188
 -0.000246
 -0.000358
 -0.000655
  -0.00122
  -0.00213
  -0.00337
  -0.00489
  -0.00656
  -0.00824
  -0.00979
   -0.0111
   -0.0122
   -0.0129
   -0.0134
   -0.0136
   -0.0136
   -0.0135
   -0.0133
   -0.0131
   -0.0129
   -0.0128
   -0.0126
   -0.0125
   -0.0125
   -0.0125
   -0.0126
   -0.0128
   -0.0129
   -0.0131
   -0.0133
   -0.0135
   -0.0136
   -0.0136
   -0.0134
   -0.0129
   -0.0122
   -0.0111
  -0.00979
  -0.00824
  -0.00656
  -0.00489
  -0.00337
  -0.00213
  -0.00122
 -0.000655
 -0.000358
 -0.000246
 -0.000188
 -5.15e-05
 -1.05e-05
  -2.1e-06
 -4.16e-07
 -7.96e-08
 -1.41e-08
 -1.82e-09
      19.3
      19.3
 -1.93e-09
 -1.49e-08
 -8.41e-08
  -4.4e-07
 -2.22e-06
 -1.11e-05
 -5.44e-05
 -0.000199
 -0.000261
 -0.000378
 -0.000691
  -0.00129
  -0.00224
  -0.00355
  -0.00515
  -0.00691
  -0.00868
   -0.0103
   -0.0117
   -0.0128
   -0.0136
   -0.0141
   -0.0143
   -0.0144
   -0.0143
   -0.0141
   -0.0139
   -0.0137
   -0.0135
   -0.0134
   -0.0133
   -0.0132
   -0.0133
   -0.0134
   -0.0135
   -0.0137
   -0.0139
   -0.0141
   -0.0143
   -0.0144
   -0.0143
   -0.0141
   -0.0136
   -0.0128
   -0.0117
   -0.0103
  -0.00868
  -0.00691
  -0.00515
  -0.00355
  -0.00224
  -0.00129
 -0.000691
 -0.000378
 -0.000261
 -0.000199
 -5.44e-05
 -1.11e-05
 -2.22e-06
  -4.4e-07
 -8.41e-08
 -1.49e-08
 -1.93e-09
      19.3
      19.3
 -2.06e-09
 -1.59e-08
 -9.02e-08
 -4.71e-07
 -2.39e-06
 -1.19e-05
 -5.84e-05
 -0.000214
 -0.000279
 -0.000405
 -0.000739
  -0.00138
   -0.0024
   -0.0038
  -0.00551
  -0.00739
  -0.00928
    -0.011
   -0.0125
   -0.0137
   -0.0146
   -0.0151
   -0.0154
   -0.0154
   -0.0153
   -0.0151
   -0.0149
   -0.0147
   -0.0145
   -0.0143
   -0.0142
   -0.0142
   -0.0142
   -0.0143
   -0.0145
   -0.0147
   -0.0149
   -0.0151
   -0.0153
   -0.0154
   -0.0154
   -0.0151
   -0.0146
   -0.0137
   -0.0125
    -0.011
  -0.00928
  -0.00739
  -0.00551
   -0.0038
   -0.0024
  -0.00138
 -0.000739
 -0.000405
 -0.000279
 -0.000214
 -5.84e-05
 -1.19e-05
 -2.39e-06
 -4.71e-07
 -9.02e-08
 -1.59e-08
 -2.06e-09
      19.3
      19.3
 -2.25e-09
 -1.74e-08
 -9.84e-08
 -5.15e-07
 -2.61e-06
  -1.3e-05
 -6.39e-05
 -0.000234
 -0.000305
 -0.000441
 -0.000804
   -0.0015
  -0.00261
  -0.00413
  -0.00599
  -0.00804
   -0.0101
    -0.012
   -0.0136
   -0.0149
   -0.0159
   -0.0165
   -0.0167
   -0.0168
   -0.0167
   -0.0165
   -0.0163
    -0.016
   -0.0158
   -0.0157
   -0.0156
   -0.0156
   -0.0156
   -0.0157
   -0.0158
    -0.016
   -0.0163
   -0.0165
   -0.0167
   -0.0168
   -0.0167
   -0.0165
   -0.0159
   -0.0149
   -0.0136
    -0.012
   -0.0101
  -0.00804
  -0.00599
  -0.00413
  -0.00261
   -0.0015
 -0.000804
 -0.000441
 -0.000305
 -0.000234
 -6.39e-05
  -1.3e-05
 -2.61e-06
 -5.15e-07
 -9.84e-08
 -1.74e-08
 -2.25e-09
      19.3
      19.3
 -2.51e-09
 -1.94e-08
  -1.1e-07
 -5.77e-07
 -2.92e-06
 -1.45e-05
 -7.17e-05
 -0.000262
 -0.000342
 -0.000493
 -0.000896
  -0.00167
  -0.00291
  -0.00461
  -0.00668
  -0.00896
   -0.0113
   -0.0134
   -0.0152
   -0.0167
   -0.0177
   -0.0184
   -0.0187
   -0.0188
   -0.0187
   -0.0185
   -0.0182
    -0.018
   -0.0178
   -0.0176
   -0.0175
   -0.0175
   -0.0175
   -0.0176
   -0.0178
    -0.018
   -0.0182
   -0.0185
   -0.0187
   -0.0188
   -0.0187
   -0.0184
   -0.0177
   -0.0167
   -0.0152
   -0.0134
   -0.0113
  -0.00896
  -0.00668
  -0.00461
  -0.00291
  -0.00167
 -0.000896
 -0.000493
 -0.000342
 -0.000262
 -7.17e-05
 -1.45e-05
 -2.92e-06
 -5.77e-07
  -1.1e-07
 -1.94e-08
 -2.51e-09
      19.3
      19.3
  -2.9e-09
 -2.25e-08
 -1.28e-07
 -6.69e-07
 -3.39e-06
 -1.69e-05
 -8.33e-05
 -0.000305
 -0.000397
  -0.00057
  -0.00103
  -0.00193
  -0.00335
  -0.00532
  -0.00771
   -0.0103
    -0.013
   -0.0155
   -0.0176
   -0.0193
   -0.0205
   -0.0213
   -0.0217
   -0.0218
   -0.0217
   -0.0215
   -0.0212
   -0.0209
   -0.0207
   -0.0205
   -0.0204
   -0.0203
   -0.0204
   -0.0205
   -0.0207
   -0.0209
   -0.0212
   -0.0215
   -0.0217
   -0.0218
   -0.0217
   -0.0213
   -0.0205
   -0.0193
   -0.0176
   -0.0155
    -0.013
   -0.0103
  -0.00771
  -0.00532
  -0.00335
  -0.00193
  -0.00103
  -0.00057
 -0.000397
 -0.000305
 -8.33e-05
 -1.69e-05
 -3.39e-06
 -6.69e-07
 -1.28e-07
 -2.25e-08
  -2.9e-09
      19.3
      19.3
 -3.52e-09
 -2.73e-08
 -1.55e-07
 -8.16e-07
 -4.14e-06
 -2.07e-05
 -0.000102
 -0.000373
 -0.000485
 -0.000694
  -0.00126
  -0.00234
  -0.00407
  -0.00646
  -0.00937
   -0.0126
   -0.0158
   -0.0188
   -0.0214
   -0.0234
   -0.0249
   -0.0259
   -0.0264
   -0.0265
   -0.0265
   -0.0262
   -0.0259
   -0.0256
   -0.0253
   -0.0251
    -0.025
   -0.0249
    -0.025
   -0.0251
   -0.0253
   -0.0256
   -0.0259
   -0.0262
   -0.0265
   -0.0265
   -0.0264
   -0.0259
   -0.0249
   -0.0234
   -0.0214
   -0.0188
   -0.0158
   -0.0126
  -0.00937
  -0.00646
  -0.00407
  -0.00234
  -0.00126
 -0.000694
 -0.000485
 -0.000373
 -0.000102
 -2.07e-05
 -4.14e-06
 -8.16e-07
 -1.55e-07
 -2.73e-08
 -3.52e-09
      19.3
      19.3
 -4.55e-09
 -3.53e-08
 -2.01e-07
 -1.05e-06
 -5.36e-06
 -2.67e-05
 -0.000132
 -0.000484
    0.0352
    0.0308
    0.0301
    0.0287
    0.0265
    0.0234
    0.0197
    0.0156
    0.0115
   0.00767
   0.00437
   0.00173
 -0.000206
  -0.00147
  -0.00216
  -0.00241
  -0.00234
  -0.00207
  -0.00172
  -0.00135
  -0.00102
 -0.000771
 -0.000613
  -0.00056
 -0.000613
 -0.000771
  -0.00102
  -0.00135
  -0.00172
  -0.00207
  -0.00234
  -0.00241
  -0.00216
  -0.00147
 -0.000206
   0.00173
   0.00437
   0.00767
    0.0115
    0.0156
    0.0197
    0.0234
    0.0265
    0.0287
    0.0301
    0.0308
    0.0352
 -0.000484
 -0.000132
 -2.67e-05
 -5.36e-06
 -1.05e-06
 -2.01e-07
 -3.53e-08
 -4.55e-09
      19.3
      19.3
 -5.46e-09
 -4.23e-08
  -2.4e-07
 -1.26e-06
 -6.42e-06
  -3.2e-05
 -0.000158
  -0.00058
     0.035
    0.0307
    0.0298
    0.0281
    0.0255
    0.0219
    0.0174
    0.0126
   0.00773
   0.00319
  -0.00074
  -0.00389
  -0.00621
  -0.00774
   -0.0086
  -0.00894
   -0.0089
  -0.00863
  -0.00825
  -0.00785
  -0.00749
  -0.00721
  -0.00703
  -0.00697
  -0.00703
  -0.00721
  -0.00749
  -0.00785
  -0.00825
  -0.00863
   -0.0089
  -0.00894
   -0.0086
  -0.00774
  -0.00621
  -0.00389
  -0.00074
   0.00319
   0.00773
    0.0126
    0.0174
    0.0219
    0.0255
    0.0281
    0.0298
    0.0307
     0.035
  -0.00058
 -0.000158
  -3.2e-05
 -6.42e-06
 -1.26e-06
  -2.4e-07
 -4.23e-08
 -5.46e-09
      19.3
      19.3
 -6.21e-09
 -4.79e-08
 -2.71e-07
 -1.42e-06
 -7.23e-06
 -3.61e-05
 -0.000178
 -0.000653
    0.0349
    0.0305
    0.0295
    0.0277
    0.0248
    0.0207
    0.0159
    0.0105
   0.00512
  8.52e-05
  -0.00427
  -0.00778
   -0.0104
   -0.0121
   -0.0131
   -0.0135
   -0.0135
   -0.0133
   -0.0129
   -0.0125
   -0.0121
   -0.0119
   -0.0117
   -0.0116
   -0.0117
   -0.0119
   -0.0121
   -0.0125
   -0.0129
   -0.0133
   -0.0135
   -0.0135
   -0.0131
   -0.0121
   -0.0104
  -0.00778
  -0.00427
  8.52e-05
   0.00512
    0.0105
    0.0159
    0.0207
    0.0248
    0.0277
    0.0295
    0.0305
    0.0349
 -0.000653
 -0.000178
 -3.61e-05
 -7.23e-06
 -1.42e-06
 -2.71e-07
 -4.79e-08
 -6.21e-09
      19.3
      19.3
 -6.87e-09
 -5.26e-08
 -2.96e-07
 -1.55e-06
 -7.84e-06
 -3.91e-05
 -0.000193
 -0.000706
    0.0349
    0.0304
    0.0293
    0.0274
    0.0242
      0.02
    0.0148
   0.00917
   0.00346
  -0.00186
  -0.00648
   -0.0102
    -0.013
   -0.0149
    -0.016
   -0.0165
   -0.0166
   -0.0163
    -0.016
   -0.0156
   -0.0152
    -0.015
   -0.0148
   -0.0147
   -0.0148
    -0.015
   -0.0152
   -0.0156
    -0.016
   -0.0163
   -0.0166
   -0.0165
    -0.016
   -0.0149
    -0.013
   -0.0102
  -0.00648
  -0.00186
   0.00346
   0.00917
    0.0148
      0.02
    0.0242
    0.0274
    0.0293
    0.0304
    0.0349
 -0.000706
 -0.000193
 -3.91e-05
 -7.84e-06
 -1.55e-06
 -2.96e-07
 -5.26e-08
 -6.87e-09
      19.3
      19.3
 -7.48e-09
 -5.67e-08
 -3.17e-07
 -1.65e-06
 -8.32e-06
 -4.14e-05
 -0.000204
 -0.000745
    0.0348
    0.0303
    0.0292
    0.0271
    0.0239
    0.0195
    0.0142
   0.00838
   0.00253
  -0.00294
  -0.00771
   -0.0116
   -0.0145
   -0.0165
   -0.0177
   -0.0182
   -0.0183
   -0.0182
   -0.0179
   -0.0175
   -0.0171
   -0.0169
   -0.0167
   -0.0167
   -0.0167
   -0.0169
   -0.0171
   -0.0175
   -0.0179
   -0.0182
   -0.0183
   -0.0182
   -0.0177
   -0.0165
   -0.0145
   -0.0116
  -0.00771
  -0.00294
   0.00253
   0.00838
    0.0142
    0.0195
    0.0239
    0.0271
    0.0292
    0.0303
    0.0348
 -0.000745
 -0.000204
 -4.14e-05
 -8.32e-06
 -1.65e-06
 -3.17e-07
 -5.67e-08
 -7.48e-09
      19.3
      19.3
 -8.02e-09
 -6.03e-08
 -3.34e-07
 -1.73e-06
  -8.7e-06
 -4.32e-05
 -0.000212
 -0.000775
    0.0347
    0.0302
     0.029
    0.0268
    0.0236
    0.0191
    0.0138
   0.00798
    0.0021
  -0.00342
  -0.00823
   -0.0122
   -0.0151
   -0.0172
   -0.0184
   -0.0191
   -0.0193
   -0.0191
   -0.0189
   -0.0185
   -0.0182
    -0.018
   -0.0178
   -0.0178
   -0.0178
    -0.018
   -0.0182
   -0.0185
   -0.0189
   -0.0191
   -0.0193
   -0.0191
   -0.0184
   -0.0172
   -0.0151
   -0.0122
  -0.00823
  -0.00342
    0.0021
   0.00798
    0.0138
    0.0191
    0.0236
    0.0268
     0.029
    0.0302
    0.0347
 -0.000775
 -0.000212
 -4.32e-05
  -8.7e-06
 -1.73e-06
 -3.34e-07
 -6.03e-08
 -8.02e-09
      19.3
         0
 -8.41e-09
  -6.3e-08
 -3.48e-07
 -1.79e-06
 -9.01e-06
 -4.46e-05
 -0.000219
 -0.000799
    0.0347
    0.0301
    0.0288
    0.0266
    0.0233
    0.0189
    0.0136
   0.00783
   0.00199
   -0.0035
   -0.0083
   -0.0122
   -0.0152
   -0.0173
   -0.0187
   -0.0194
   -0.0196
   -0.0195
   -0.0193
    -0.019
   -0.0187
   -0.0185
   -0.0184
   -0.0183
   -0.0184
   -0.0185
   -0.0187
    -0.019
   -0.0193
   -0.0195
   -0.0196
   -0.0194
   -0.0187
   -0.0173
   -0.0152
   -0.0122
   -0.0083
   -0.0035
   0.00199
   0.00783
    0.0136
    0.0189
    0.0233
    0.0266
    0.0288
    0.0301
    0.0347
 -0.000799
 -0.000219
 -4.46e-05
 -9.01e-06
 -1.79e-06
 -3.48e-07
  -6.3e-08
 -8.41e-09
         0
         0
  -8.8e-09
 -6.56e-08
  -3.6e-07
 -1.85e-06
 -9.26e-06
 -4.58e-05
 -0.000225
 -0.000818
    0.0347
      0.03
    0.0287
    0.0264
    0.0231
    0.0188
    0.0135
   0.00784
   0.00208
  -0.00333
  -0.00809
    -0.012
    -0.015
   -0.0171
   -0.0185
   -0.0193
   -0.0196
   -0.0195
   -0.0194
   -0.0191
   -0.0189
   -0.0187
   -0.0185
   -0.0185
   -0.0185
   -0.0187
   -0.0189
   -0.0191
   -0.0194
   -0.0195
   -0.0196
   -0.0193
   -0.0185
   -0.0171
    -0.015
    -0.012
  -0.00809
  -0.00333
   0.00208
   0.00784
    0.0135
    0.0188
    0.0231
    0.0264
    0.0287
      0.03
    0.0347
 -0.000818
 -0.000225
 -4.58e-05
 -9.26e-06
 -1.85e-06
  -3.6e-07
 -6.56e-08
  -8.8e-09
         0
         0
 -9.18e-09
 -6.79e-08
 -3.71e-07
  -1.9e-06
 -9.48e-06
 -4.68e-05
 -0.000229
 -0.000833
    0.0346
    0.0299
    0.0285
    0.0263
     0.023
    0.0187
    0.0135
   0.00793
   0.00228
  -0.00304
  -0.00773
   -0.0116
   -0.0146
   -0.0168
   -0.0182
    -0.019
   -0.0193
   -0.0193
   -0.0192
    -0.019
   -0.0188
   -0.0186
   -0.0185
   -0.0184
   -0.0185
   -0.0186
   -0.0188
    -0.019
   -0.0192
   -0.0193
   -0.0193
    -0.019
   -0.0182
   -0.0168
   -0.0146
   -0.0116
  -0.00773
  -0.00304
   0.00228
   0.00793
    0.0135
    0.0187
     0.023
    0.0263
    0.0285
    0.0299
    0.0346
 -0.000833
 -0.000229
 -4.68e-05
 -9.48e-06
  -1.9e-06
 -3.71e-07
 -6.79e-08
 -9.18e-09
         0
         0
 -9.52e-09
 -7.01e-08
 -3.81e-07
 -1.94e-06
 -9.67e-06
 -4.76e-05
 -0.000233
 -0.000846
    0.0346
    0.0298
    0.0284
    0.0261
    0.0228
    0.0186
    0.0135
   0.00807
   0.00254
  -0.00268
   -0.0073
   -0.0111
   -0.0141
   -0.0163
   -0.0177
   -0.0186
   -0.0189
    -0.019
    -0.019
   -0.0188
   -0.0186
   -0.0184
   -0.0183
   -0.0183
   -0.0183
   -0.0184
   -0.0186
   -0.0188
    -0.019
    -0.019
   -0.0189
   -0.0186
   -0.0177
   -0.0163
   -0.0141
   -0.0111
   -0.0073
  -0.00268
   0.00254
   0.00807
    0.0135
    0.0186
    0.0228
    0.0261
    0.0284
    0.0298
    0.0346
 -0.000846
 -0.000233
 -4.76e-05
 -9.67e-06
 -1.94e-06
 -3.81e-07
 -7.01e-08
 -9.52e-09
         0
         0
 -9.82e-09
  -7.2e-08
 -3.89e-07
 -1.98e-06
 -9.83e-06
 -4.83e-05
 -0.000236
 -0.000856
    0.0346
    0.0298
    0.0283
     0.026
    0.0227
    0.0185
    0.0136
   0.00822
   0.00281
  -0.00231
  -0.00686
   -0.0106
   -0.0136
   -0.0158
   -0.0172
   -0.0181
   -0.0186
   -0.0187
   -0.0186
   -0.0185
   -0.0183
   -0.0182
   -0.0181
   -0.0181
   -0.0181
   -0.0182
   -0.0183
   -0.0185
   -0.0186
   -0.0187
   -0.0186
   -0.0181
   -0.0172
   -0.0158
   -0.0136
   -0.0106
  -0.00686
  -0.00231
   0.00281
   0.00822
    0.0136
    0.0185
    0.0227
     0.026
    0.0283
    0.0298
    0.0346
 -0.000856
 -0.000236
 -4.83e-05
 -9.83e-06
 -1.98e-06
 -3.89e-07
  -7.2e-08
 -9.82e-09
         0
         0
 -1.01e-08
 -7.36e-08
 -3.97e-07
 -2.01e-06
 -9.96e-06
 -4.89e-05
 -0.000238
 -0.000864
    0.0345
    0.0297
    0.0282
    0.0259
    0.0226
    0.0185
    0.0136
   0.00838
   0.00306
  -0.00196
  -0.00643
   -0.0102
   -0.0131
   -0.0153
   -0.0168
   -0.0177
   -0.0182
   -0.0183
   -0.0183
   -0.0182
   -0.0181
    -0.018
   -0.0179
   -0.0178
   -0.0179
    -0.018
   -0.0181
   -0.0182
   -0.0183
   -0.0183
   -0.0182
   -0.0177
   -0.0168
   -0.0153
   -0.0131
   -0.0102
  -0.00643
  -0.00196
   0.00306
   0.00838
    0.0136
    0.0185
    0.0226
    0.0259
    0.0282
    0.0297
    0.0345
 -0.000864
 -0.000238
 -4.89e-05
 -9.96e-06
 -2.01e-06
 -3.97e-07
 -7.36e-08
 -1.01e-08
         0
         0
 -1.03e-08
  -7.5e-08
 -4.03e-07
 -2.03e-06
 -1.01e-05
 -4.94e-05
  -0.00024
  -0.00087
    0.0345
    0.0297
    0.0281
    0.0258
    0.0226
    0.0185
    0.0137
   0.00852
    0.0033
  -0.00164
  -0.00605
  -0.00975
   -0.0127
   -0.0149
   -0.0163
   -0.0173
   -0.0178
    -0.018
    -0.018
   -0.0179
   -0.0178
   -0.0177
   -0.0176
   -0.0176
   -0.0176
   -0.0177
   -0.0178
   -0.0179
    -0.018
    -0.018
   -0.0178
   -0.0173
   -0.0163
   -0.0149
   -0.0127
  -0.00975
  -0.00605
  -0.00164
    0.0033
   0.00852
    0.0137
    0.0185
    0.0226
    0.0258
    0.0281
    0.0297
    0.0345
  -0.00087
  -0.00024
 -4.94e-05
 -1.01e-05
 -2.03e-06
 -4.03e-07
  -7.5e-08
 -1.03e-08
         0
         0
 -1.05e-08
 -7.61e-08
 -4.08e-07
 -2.05e-06
 -1.02e-05
 -4.98e-05
 -0.000242
 -0.000876
    0.0345
    0.0296
     0.028
    0.0257
    0.0225
    0.0185
    0.0137
   0.00866
   0.00352
  -0.00135
   -0.0057
  -0.00937
   -0.0123
   -0.0145
    -0.016
   -0.0169
   -0.0175
   -0.0177
   -0.0177
   -0.0177
   -0.0176
   -0.0175
   -0.0174
   -0.0174
   -0.0174
   -0.0175
   -0.0176
   -0.0177
   -0.0177
   -0.0177
   -0.0175
   -0.0169
    -0.016
   -0.0145
   -0.0123
  -0.00937
   -0.0057
  -0.00135
   0.00352
   0.00866
    0.0137
    0.0185
    0.0225
    0.0257
     0.028
    0.0296
    0.0345
 -0.000876
 -0.000242
 -4.98e-05
 -1.02e-05
 -2.05e-06
 -4.08e-07
 -7.61e-08
 -1.05e-08
         0
         0
 -1.06e-08
 -7.71e-08
 -4.12e-07
 -2.07e-06
 -1.02e-05
 -5.01e-05
 -0.000243
  -0.00088
    0.0345
    0.0296
     0.028
    0.0256
    0.0225
    0.0184
    0.0138
   0.00877
   0.00371
   -0.0011
   -0.0054
  -0.00904
   -0.0119
   -0.0141
   -0.0156
   -0.0166
   -0.0172
   -0.0174
   -0.0175
   -0.0174
   -0.0174
   -0.0173
   -0.0172
   -0.0172
   -0.0172
   -0.0173
   -0.0174
   -0.0174
   -0.0175
   -0.0174
   -0.0172
   -0.0166
   -0.0156
   -0.0141
   -0.0119
  -0.00904
   -0.0054
   -0.0011
   0.00371
   0.00877
    0.0138
    0.0184
    0.0225
    0.0256
     0.028
    0.0296
    0.0345
  -0.00088
 -0.000243
 -5.01e-05
 -1.02e-05
 -2.07e-06
 -4.12e-07
 -7.71e-08
 -1.06e-08
         0
         0
 -1.08e-08
 -7.79e-08
 -4.16e-07
 -2.09e-06
 -1.03e-05
 -5.03e-05
 -0.000245
 -0.000883
    0.0345
    0.0296
     0.028
    0.0256
    0.0224
    0.0184
    0.0138
   0.00887
   0.00387
 -0.000889
  -0.00515
  -0.00875
   -0.0116
   -0.0138
   -0.0153
   -0.0163
   -0.0169
   -0.0172
   -0.0173
   -0.0172
   -0.0172
   -0.0171
    -0.017
    -0.017
    -0.017
   -0.0171
   -0.0172
   -0.0172
   -0.0173
   -0.0172
   -0.0169
   -0.0163
   -0.0153
   -0.0138
   -0.0116
  -0.00875
  -0.00515
 -0.000889
   0.00387
   0.00887
    0.0138
    0.0184
    0.0224
    0.0256
     0.028
    0.0296
    0.0345
 -0.000883
 -0.000245
 -5.03e-05
 -1.03e-05
 -2.09e-06
 -4.16e-07
 -7.79e-08
 -1.08e-08
         0
         0
 -1.09e-08
 -7.85e-08
 -4.18e-07
  -2.1e-06
 -1.03e-05
 -5.05e-05
 -0.000245
 -0.000886
    0.0345
    0.0295
    0.0279
    0.0256
    0.0224
    0.0184
    0.0139
   0.00896
     0.004
 -0.000708
  -0.00493
  -0.00851
   -0.0114
   -0.0136
   -0.0151
   -0.0161
   -0.0167
    -0.017
   -0.0171
   -0.0171
    -0.017
   -0.0169
   -0.0169
   -0.0169
   -0.0169
   -0.0169
    -0.017
   -0.0171
   -0.0171
    -0.017
   -0.0167
   -0.0161
   -0.0151
   -0.0136
   -0.0114
  -0.00851
  -0.00493
 -0.000708
     0.004
   0.00896
    0.0139
    0.0184
    0.0224
    0.0256
    0.0279
    0.0295
    0.0345
 -0.000886
 -0.000245
 -5.05e-05
 -1.03e-05
  -2.1e-06
 -4.18e-07
 -7.85e-08
 -1.09e-08
         0
         0
 -1.09e-08
  -7.9e-08
 -4.21e-07
 -2.11e-06
 -1.04e-05
 -5.07e-05
 -0.000246
 -0.000888
    0.0345
    0.0295
    0.0279
    0.0255
    0.0224
    0.0184
    0.0139
   0.00903
   0.00412
 -0.000556
  -0.00475
  -0.00831
   -0.0112
   -0.0133
   -0.0149
   -0.0159
   -0.0165
   -0.0168
   -0.0169
   -0.0169
   -0.0169
   -0.0168
   -0.0168
   -0.0167
   -0.0168
   -0.0168
   -0.0169
   -0.0169
   -0.0169
   -0.0168
   -0.0165
   -0.0159
   -0.0149
   -0.0133
   -0.0112
  -0.00831
  -0.00475
 -0.000556
   0.00412
   0.00903
    0.0139
    0.0184
    0.0224
    0.0255
    0.0279
    0.0295
    0.0345
 -0.000888
 -0.000246
 -5.07e-05
 -1.04e-05
 -2.11e-06
 -4.21e-07
  -7.9e-08
 -1.09e-08
         0
         0
  -1.1e-08
 -7.94e-08
 -4.22e-07
 -2.11e-06
 -1.04e-05
 -5.08e-05
 -0.000246
 -0.000889
    0.0345
    0.0295
    0.0279
    0.0255
    0.0223
    0.0184
    0.0139
   0.00909
   0.00421
 -0.000432
   -0.0046
  -0.00815
    -0.011
   -0.0132
   -0.0147
   -0.0157
   -0.0163
   -0.0167
   -0.0168
   -0.0168
   -0.0167
   -0.0167
   -0.0166
   -0.0166
   -0.0166
   -0.0167
   -0.0167
   -0.0168
   -0.0168
   -0.0167
   -0.0163
   -0.0157
   -0.0147
   -0.0132
    -0.011
  -0.00815
   -0.0046
 -0.000432
   0.00421
   0.00909
    0.0139
    0.0184
    0.0223
    0.0255
    0.0279
    0.0295
    0.0345
 -0.000889
 -0.000246
 -5.08e-05
 -1.04e-05
 -2.11e-06
 -4.22e-07
 -7.94e-08
  -1.1e-08
         0
         0
 -1.11e-08
 -7.97e-08
 -4.23e-07
 -2.12e-06
 -1.04e-05
 -5.08e-05
 -0.000247
  -0.00089
    0.0345
    0.0295
    0.0279
    0.0255
    0.0223
    0.0184
     0.014
   0.00914
   0.00429
 -0.000332
  -0.00448
  -0.00801
   -0.0109
    -0.013
   -0.0146
   -0.0156
   -0.0162
   -0.0165
   -0.0167
   -0.0167
   -0.0166
   -0.0166
   -0.0165
   -0.0165
   -0.0165
   -0.0166
   -0.0166
   -0.0167
   -0.0167
   -0.0165
   -0.0162
   -0.0156
   -0.0146
    -0.013
   -0.0109
  -0.00801
  -0.00448
 -0.000332
   0.00429
   0.00914
     0.014
    0.0184
    0.0223
    0.0255
    0.0279
    0.0295
    0.0345
  -0.00089
 -0.000247
 -5.08e-05
 -1.04e-05
 -2.12e-06
 -4.23e-07
 -7.97e-08
 -1.11e-08
         0
         0
 -1.11e-08
 -7.99e-08
 -4.24e-07
 -2.12e-06
 -1.04e-05
 -5.09e-05
 -0.000247
  -0.00089
    0.0345
    0.0295
    0.0278
    0.0255
    0.0223
    0.0184
     0.014
   0.00919
   0.00435
 -0.000253
  -0.00439
  -0.00791
   -0.0107
   -0.0129
   -0.0145
   -0.0155
   -0.0161
   -0.0164
   -0.0166
   -0.0166
   -0.0165
   -0.0165
   -0.0164
   -0.0164
   -0.0164
   -0.0165
   -0.0165
   -0.0166
   -0.0166
   -0.0164
   -0.0161
   -0.0155
   -0.0145
   -0.0129
   -0.0107
  -0.00791
  -0.00439
 -0.000253
   0.00435
   0.00919
     0.014
    0.0184
    0.0223
    0.0255
    0.0278
    0.0295
    0.0345
  -0.00089
 -0.000247
 -5.09e-05
 -1.04e-05
 -2.12e-06
 -4.24e-07
 -7.99e-08
 -1.11e-08
         0
         0
 -1.11e-08
 -7.99e-08
 -4.24e-07
 -2.12e-06
 -1.04e-05
 -5.09e-05
 -0.000247
 -0.000889
    0.0345
    0.0295
    0.0278
    0.0255
    0.0223
    0.0185
     0.014
   0.00922
   0.00439
 -0.000196
  -0.00432
  -0.00784
   -0.0107
   -0.0128
   -0.0144
   -0.0154
    -0.016
   -0.0163
   -0.0165
   -0.0165
   -0.0164
   -0.0164
   -0.0163
   -0.0163
   -0.0163
   -0.0164
   -0.0164
   -0.0165
   -0.0165
   -0.0163
    -0.016
   -0.0154
   -0.0144
   -0.0128
   -0.0107
  -0.00784
  -0.00432
 -0.000196
   0.00439
   0.00922
     0.014
    0.0185
    0.0223
    0.0255
    0.0278
    0.0295
    0.0345
 -0.000889
 -0.000247
 -5.09e-05
 -1.04e-05
 -2.12e-06
 -4.24e-07
 -7.99e-08
 -1.11e-08
         0
         0
 -1.11e-08
 -7.99e-08
 -4.24e-07
 -2.12e-06
 -1.04e-05
 -5.08e-05
 -0.000246
 -0.000888
    0.0345
    0.0295
    0.0278
    0.0255
    0.0223
    0.0185
     0.014
   0.00924
   0.00442
 -0.000158
  -0.00428
  -0.00779
   -0.0106
   -0.0128
   -0.0143
   -0.0153
   -0.0159
   -0.0162
   -0.0164
   -0.0164
   -0.0163
   -0.0163
   -0.0162
   -0.0162
   -0.0162
   -0.0163
   -0.0163
   -0.0164
   -0.0164
   -0.0162
   -0.0159
   -0.0153
   -0.0143
   -0.0128
   -0.0106
  -0.00779
  -0.00428
 -0.000158
   0.00442
   0.00924
     0.014
    0.0185
    0.0223
    0.0255
    0.0278
    0.0295
    0.0345
 -0.000888
 -0.000246
 -5.08e-05
 -1.04e-05
 -2.12e-06
 -4.24e-07
 -7.99e-08
 -1.11e-08
         0
         0
 -1.11e-08
 -7.97e-08
 -4.23e-07
 -2.11e-06
 -1.04e-05
 -5.07e-05
 -0.000246
 -0.000886
    0.0345
    0.0295
    0.0278
    0.0255
    0.0223
    0.0185
     0.014
   0.00926
   0.00444
 -0.000141
  -0.00426
  -0.00777
   -0.0106
   -0.0127
   -0.0143
   -0.0153
   -0.0159
   -0.0162
   -0.0163
   -0.0163
   -0.0162
   -0.0161
   -0.0161
   -0.0161
   -0.0161
   -0.0161
   -0.0162
   -0.0163
   -0.0163
   -0.0162
   -0.0159
   -0.0153
   -0.0143
   -0.0127
   -0.0106
  -0.00777
  -0.00426
 -0.000141
   0.00444
   0.00926
     0.014
    0.0185
    0.0223
    0.0255
    0.0278
    0.0295
    0.0345
 -0.000886
 -0.000246
 -5.07e-05
 -1.04e-05
 -2.11e-06
 -4.23e-07
 -7.97e-08
 -1.11e-08
         0
         0
  -1.1e-08
 -7.93e-08
 -4.21e-07
 -2.11e-06
 -1.03e-05
 -5.04e-05
 -0.000245
 -0.000882
    0.0345
    0.0295
    0.0279
    0.0255
    0.0224
    0.0185
     0.014
   0.00926
   0.00444
 -0.000152
  -0.00428
  -0.00778
   -0.0106
   -0.0127
   -0.0142
   -0.0152
   -0.0158
   -0.0161
   -0.0161
   -0.0161
    -0.016
    -0.016
   -0.0159
   -0.0159
   -0.0159
    -0.016
    -0.016
   -0.0161
   -0.0161
   -0.0161
   -0.0158
   -0.0152
   -0.0142
   -0.0127
   -0.0106
  -0.00778
  -0.00428
 -0.000152
   0.00444
   0.00926
     0.014
    0.0185
    0.0224
    0.0255
    0.0279
    0.0295
    0.0345
 -0.000882
 -0.000245
 -5.04e-05
 -1.03e-05
 -2.11e-06
 -4.21e-07
 -7.93e-08
  -1.1e-08
         0
         0
  -1.1e-08
 -7.88e-08
 -4.18e-07
 -2.09e-06
 -1.03e-05
 -5.01e-05
 -0.000243
 -0.000876
    0.0345
    0.0295
    0.0279
    0.0255
    0.0224
    0.0185
     0.014
   0.00925
   0.00441
   -0.0002
  -0.00434
  -0.00784
   -0.0107
   -0.0128
   -0.0142
   -0.0152
   -0.0157
    -0.016
    -0.016
   -0.0159
   -0.0158
   -0.0157
   -0.0156
   -0.0156
   -0.0156
   -0.0157
   -0.0158
   -0.0159
    -0.016
    -0.016
   -0.0157
   -0.0152
   -0.0142
   -0.0128
   -0.0107
  -0.00784
  -0.00434
   -0.0002
   0.00441
   0.00925
     0.014
    0.0185
    0.0224
    0.0255
    0.0279
    0.0295
    0.0345
 -0.000876
 -0.000243
 -5.01e-05
 -1.03e-05
 -2.09e-06
 -4.18e-07
 -7.88e-08
  -1.1e-08
         0
         0
 -1.08e-08
  -7.8e-08
 -4.14e-07
 -2.07e-06
 -1.02e-05
 -4.96e-05
 -0.000241
 -0.000868
    0.0345
    0.0295
    0.0279
    0.0256
    0.0224
    0.0185
     0.014
   0.00921
   0.00433
 -0.000303
  -0.00446
  -0.00797
   -0.0108
   -0.0129
   -0.0143
   -0.0152
   -0.0157
   -0.0158
   -0.0158
   -0.0157
   -0.0155
   -0.0154
   -0.0153
   -0.0153
   -0.0153
   -0.0154
   -0.0155
   -0.0157
   -0.0158
   -0.0158
   -0.0157
   -0.0152
   -0.0143
   -0.0129
   -0.0108
  -0.00797
  -0.00446
 -0.000303
   0.00433
   0.00921
     0.014
    0.0185
    0.0224
    0.0256
    0.0279
    0.0295
    0.0345
 -0.000868
 -0.000241
 -4.96e-05
 -1.02e-05
 -2.07e-06
 -4.14e-07
  -7.8e-08
 -1.08e-08
         0
      10.2
      10.2
      10.2
      10.2
      10.2
      10.2
      10.2
      10.2
      10.1
      10.1
      10.1
      9.89
      9.67
      9.41
      9.12
      8.82
      8.53
      8.24
      7.97
      7.72
       7.5
      7.29
      7.11
      6.95
      6.81
      6.68
      6.58
      6.49
      6.41
      6.36
      6.32
      6.29
      6.28
      6.29
      6.32
      6.36
      6.41
      6.49
      6.58
      6.68
      6.81
      6.95
      7.11
      7.29
       7.5
      7.72
      7.97
      8.24
      8.53
      8.82
      9.12
      9.41
      9.67
      9.89
      10.1
      10.1
      10.1
      10.2
      10.2
      10.2
      10.2
      10.2
      10.2
      10.2
      10.2
