      6.38
      6.38
      6.38
      6.37
      6.36
      6.35
      6.33
      6.31
       6.3
      6.29
       6.2
      6.04
      5.82
      5.55
      5.26
      4.96
      4.66
      4.38
      4.11
      3.86
      3.63
      3.43
      3.25
      3.08
      2.94
      2.82
      2.71
      2.62
      2.55
      2.49
      2.45
      2.42
      2.42
      2.42
      2.45
      2.49
      2.55
      2.62
      2.71
      2.82
      2.94
      3.08
      3.25
      3.43
      3.63
      3.86
      4.11
      4.38
      4.66
      4.96
      5.26
      5.55
      5.82
      6.04
       6.2
      6.29
       6.3
      6.31
      6.33
      6.35
      6.36
      6.37
      6.38
      6.38
      6.38
         0
 -1.18e-08
 -8.52e-08
 -4.53e-07
 -2.26e-06
 -1.11e-05
 -5.43e-05
 -0.000263
 -0.000928
    0.0382
    0.0323
    0.0306
     0.028
    0.0245
    0.0203
    0.0154
    0.0101
   0.00474
 -0.000338
  -0.00489
  -0.00874
   -0.0118
   -0.0141
   -0.0157
   -0.0166
   -0.0172
   -0.0174
   -0.0173
   -0.0172
    -0.017
   -0.0169
   -0.0168
   -0.0168
   -0.0168
   -0.0169
    -0.017
   -0.0172
   -0.0173
   -0.0174
   -0.0172
   -0.0166
   -0.0157
   -0.0141
   -0.0118
  -0.00874
  -0.00489
 -0.000338
   0.00474
    0.0101
    0.0154
    0.0203
    0.0245
     0.028
    0.0306
    0.0323
    0.0382
 -0.000928
 -0.000263
 -5.43e-05
 -1.11e-05
 -2.26e-06
 -4.53e-07
 -8.52e-08
 -1.18e-08
         0
         0
  -1.2e-08
 -8.62e-08
 -4.58e-07
 -2.29e-06
 -1.13e-05
 -5.49e-05
 -0.000266
 -0.000938
    0.0382
    0.0323
    0.0305
    0.0279
    0.0245
    0.0203
    0.0154
    0.0101
   0.00482
 -0.000221
  -0.00475
  -0.00859
   -0.0117
    -0.014
   -0.0156
   -0.0167
   -0.0172
   -0.0175
   -0.0176
   -0.0175
   -0.0174
   -0.0173
   -0.0172
   -0.0172
   -0.0172
   -0.0173
   -0.0174
   -0.0175
   -0.0176
   -0.0175
   -0.0172
   -0.0167
   -0.0156
    -0.014
   -0.0117
  -0.00859
  -0.00475
 -0.000221
   0.00482
    0.0101
    0.0154
    0.0203
    0.0245
    0.0279
    0.0305
    0.0323
    0.0382
 -0.000938
 -0.000266
 -5.49e-05
 -1.13e-05
 -2.29e-06
 -4.58e-07
 -8.62e-08
  -1.2e-08
         0
         0
 -1.21e-08
 -8.69e-08
 -4.61e-07
 -2.31e-06
 -1.13e-05
 -5.53e-05
 -0.000268
 -0.000944
    0.0382
    0.0323
    0.0305
    0.0279
    0.0245
    0.0202
    0.0154
    0.0101
   0.00485
 -0.000175
  -0.00469
  -0.00853
   -0.0116
    -0.014
   -0.0156
   -0.0167
   -0.0173
   -0.0176
   -0.0177
   -0.0177
   -0.0176
   -0.0176
   -0.0175
   -0.0175
   -0.0175
   -0.0176
   -0.0176
   -0.0177
   -0.0177
   -0.0176
   -0.0173
   -0.0167
   -0.0156
    -0.014
   -0.0116
  -0.00853
  -0.00469
 -0.000175
   0.00485
    0.0101
    0.0154
    0.0202
    0.0245
    0.0279
    0.0305
    0.0323
    0.0382
 -0.000944
 -0.000268
 -5.53e-05
 -1.13e-05
 -2.31e-06
 -4.61e-07
 -8.69e-08
 -1.21e-08
         0
         0
 -1.21e-08
 -8.72e-08
 -4.63e-07
 -2.32e-06
 -1.14e-05
 -5.55e-05
 -0.000269
 -0.000948
    0.0382
    0.0323
    0.0305
    0.0279
    0.0245
    0.0202
    0.0154
    0.0101
   0.00485
 -0.000176
  -0.00469
  -0.00853
   -0.0116
    -0.014
   -0.0157
   -0.0168
   -0.0174
   -0.0178
   -0.0179
   -0.0179
   -0.0178
   -0.0178
   -0.0177
   -0.0177
   -0.0177
   -0.0178
   -0.0178
   -0.0179
   -0.0179
   -0.0178
   -0.0174
   -0.0168
   -0.0157
    -0.014
   -0.0116
  -0.00853
  -0.00469
 -0.000176
   0.00485
    0.0101
    0.0154
    0.0202
    0.0245
    0.0279
    0.0305
    0.0323
    0.0382
 -0.000948
 -0.000269
 -5.55e-05
 -1.14e-05
 -2.32e-06
 -4.63e-07
 -8.72e-08
 -1.21e-08
         0
         0
 -1.21e-08
 -8.73e-08
 -4.64e-07
 -2.32e-06
 -1.14e-05
 -5.56e-05
  -0.00027
 -0.000949
    0.0382
    0.0323
    0.0305
    0.0279
    0.0245
    0.0202
    0.0153
    0.0101
   0.00482
 -0.000213
  -0.00473
  -0.00858
   -0.0117
    -0.014
   -0.0157
   -0.0168
   -0.0175
   -0.0179
    -0.018
    -0.018
    -0.018
   -0.0179
   -0.0179
   -0.0178
   -0.0179
   -0.0179
    -0.018
    -0.018
    -0.018
   -0.0179
   -0.0175
   -0.0168
   -0.0157
    -0.014
   -0.0117
  -0.00858
  -0.00473
 -0.000213
   0.00482
    0.0101
    0.0153
    0.0202
    0.0245
    0.0279
    0.0305
    0.0323
    0.0382
 -0.000949
  -0.00027
 -5.56e-05
 -1.14e-05
 -2.32e-06
 -4.64e-07
 -8.73e-08
 -1.21e-08
         0
         0
 -1.21e-08
 -8.72e-08
 -4.63e-07
 -2.32e-06
 -1.14e-05
 -5.56e-05
  -0.00027
  -0.00095
    0.0382
    0.0323
    0.0305
    0.0279
    0.0245
    0.0202
    0.0153
    0.0101
   0.00476
  -0.00028
  -0.00481
  -0.00867
   -0.0118
   -0.0141
   -0.0158
    -0.017
   -0.0176
    -0.018
   -0.0181
   -0.0181
   -0.0181
    -0.018
    -0.018
    -0.018
    -0.018
    -0.018
   -0.0181
   -0.0181
   -0.0181
    -0.018
   -0.0176
    -0.017
   -0.0158
   -0.0141
   -0.0118
  -0.00867
  -0.00481
  -0.00028
   0.00476
    0.0101
    0.0153
    0.0202
    0.0245
    0.0279
    0.0305
    0.0323
    0.0382
  -0.00095
  -0.00027
 -5.56e-05
 -1.14e-05
 -2.32e-06
 -4.63e-07
 -8.72e-08
 -1.21e-08
         0
         0
 -1.21e-08
 -8.69e-08
 -4.62e-07
 -2.31e-06
 -1.14e-05
 -5.55e-05
  -0.00027
 -0.000949
    0.0382
    0.0323
    0.0305
    0.0279
    0.0245
    0.0202
    0.0153
      0.01
   0.00469
 -0.000377
  -0.00493
   -0.0088
   -0.0119
   -0.0143
    -0.016
   -0.0171
   -0.0178
   -0.0181
   -0.0183
   -0.0183
   -0.0182
   -0.0182
   -0.0181
   -0.0181
   -0.0181
   -0.0182
   -0.0182
   -0.0183
   -0.0183
   -0.0181
   -0.0178
   -0.0171
    -0.016
   -0.0143
   -0.0119
   -0.0088
  -0.00493
 -0.000377
   0.00469
      0.01
    0.0153
    0.0202
    0.0245
    0.0279
    0.0305
    0.0323
    0.0382
 -0.000949
  -0.00027
 -5.55e-05
 -1.14e-05
 -2.31e-06
 -4.62e-07
 -8.69e-08
 -1.21e-08
         0
         0
  -1.2e-08
 -8.65e-08
  -4.6e-07
 -2.31e-06
 -1.14e-05
 -5.54e-05
 -0.000269
 -0.000948
    0.0382
    0.0323
    0.0305
     0.028
    0.0245
    0.0202
    0.0153
   0.00996
   0.00459
 -0.000508
  -0.00509
  -0.00898
   -0.0121
   -0.0145
   -0.0162
   -0.0173
   -0.0179
   -0.0183
   -0.0184
   -0.0184
   -0.0184
   -0.0183
   -0.0183
   -0.0182
   -0.0183
   -0.0183
   -0.0184
   -0.0184
   -0.0184
   -0.0183
   -0.0179
   -0.0173
   -0.0162
   -0.0145
   -0.0121
  -0.00898
  -0.00509
 -0.000508
   0.00459
   0.00996
    0.0153
    0.0202
    0.0245
     0.028
    0.0305
    0.0323
    0.0382
 -0.000948
 -0.000269
 -5.54e-05
 -1.14e-05
 -2.31e-06
  -4.6e-07
 -8.65e-08
  -1.2e-08
         0
         0
 -1.19e-08
 -8.58e-08
 -4.57e-07
 -2.29e-06
 -1.13e-05
 -5.52e-05
 -0.000268
 -0.000945
    0.0382
    0.0323
    0.0306
     0.028
    0.0245
    0.0202
    0.0152
   0.00988
   0.00447
 -0.000676
  -0.00529
  -0.00921
   -0.0123
   -0.0147
   -0.0164
   -0.0175
   -0.0182
   -0.0185
   -0.0186
   -0.0186
   -0.0185
   -0.0185
   -0.0184
   -0.0184
   -0.0184
   -0.0185
   -0.0185
   -0.0186
   -0.0186
   -0.0185
   -0.0182
   -0.0175
   -0.0164
   -0.0147
   -0.0123
  -0.00921
  -0.00529
 -0.000676
   0.00447
   0.00988
    0.0152
    0.0202
    0.0245
     0.028
    0.0306
    0.0323
    0.0382
 -0.000945
 -0.000268
 -5.52e-05
 -1.13e-05
 -2.29e-06
 -4.57e-07
 -8.58e-08
 -1.19e-08
         0
         0
 -1.17e-08
 -8.49e-08
 -4.53e-07
 -2.28e-06
 -1.12e-05
 -5.49e-05
 -0.000267
 -0.000942
    0.0382
    0.0324
    0.0306
    0.0281
    0.0246
    0.0202
    0.0152
   0.00979
   0.00431
 -0.000887
  -0.00555
  -0.00949
   -0.0126
    -0.015
   -0.0167
   -0.0178
   -0.0184
   -0.0187
   -0.0188
   -0.0188
   -0.0187
   -0.0186
   -0.0186
   -0.0186
   -0.0186
   -0.0186
   -0.0187
   -0.0188
   -0.0188
   -0.0187
   -0.0184
   -0.0178
   -0.0167
    -0.015
   -0.0126
  -0.00949
  -0.00555
 -0.000887
   0.00431
   0.00979
    0.0152
    0.0202
    0.0246
    0.0281
    0.0306
    0.0324
    0.0382
 -0.000942
 -0.000267
 -5.49e-05
 -1.12e-05
 -2.28e-06
 -4.53e-07
 -8.49e-08
 -1.17e-08
         0
         0
 -1.16e-08
 -8.38e-08
 -4.49e-07
 -2.26e-06
 -1.11e-05
 -5.46e-05
 -0.000265
 -0.000937
    0.0382
    0.0324
    0.0307
    0.0281
    0.0246
    0.0203
    0.0152
   0.00967
   0.00412
  -0.00115
  -0.00586
  -0.00984
    -0.013
   -0.0154
   -0.0171
   -0.0181
   -0.0187
    -0.019
   -0.0191
    -0.019
   -0.0189
   -0.0189
   -0.0188
   -0.0188
   -0.0188
   -0.0189
   -0.0189
    -0.019
   -0.0191
    -0.019
   -0.0187
   -0.0181
   -0.0171
   -0.0154
    -0.013
  -0.00984
  -0.00586
  -0.00115
   0.00412
   0.00967
    0.0152
    0.0203
    0.0246
    0.0281
    0.0307
    0.0324
    0.0382
 -0.000937
 -0.000265
 -5.46e-05
 -1.11e-05
 -2.26e-06
 -4.49e-07
 -8.38e-08
 -1.16e-08
         0
         0
 -1.13e-08
 -8.24e-08
 -4.42e-07
 -2.23e-06
  -1.1e-05
 -5.41e-05
 -0.000263
 -0.000931
    0.0383
    0.0325
    0.0308
    0.0282
    0.0247
    0.0203
    0.0151
   0.00954
   0.00389
  -0.00146
  -0.00624
   -0.0103
   -0.0135
   -0.0158
   -0.0175
   -0.0185
   -0.0191
   -0.0193
   -0.0194
   -0.0193
   -0.0192
   -0.0191
    -0.019
    -0.019
    -0.019
   -0.0191
   -0.0192
   -0.0193
   -0.0194
   -0.0193
   -0.0191
   -0.0185
   -0.0175
   -0.0158
   -0.0135
   -0.0103
  -0.00624
  -0.00146
   0.00389
   0.00954
    0.0151
    0.0203
    0.0247
    0.0282
    0.0308
    0.0325
    0.0383
 -0.000931
 -0.000263
 -5.41e-05
  -1.1e-05
 -2.23e-06
 -4.42e-07
 -8.24e-08
 -1.13e-08
         0
         0
 -1.11e-08
 -8.07e-08
 -4.34e-07
  -2.2e-06
 -1.09e-05
 -5.35e-05
 -0.000261
 -0.000922
    0.0383
    0.0325
    0.0309
    0.0283
    0.0248
    0.0203
    0.0151
   0.00938
   0.00362
  -0.00183
  -0.00669
   -0.0108
    -0.014
   -0.0164
    -0.018
    -0.019
   -0.0195
   -0.0197
   -0.0197
   -0.0196
   -0.0195
   -0.0194
   -0.0193
   -0.0193
   -0.0193
   -0.0194
   -0.0195
   -0.0196
   -0.0197
   -0.0197
   -0.0195
    -0.019
    -0.018
   -0.0164
    -0.014
   -0.0108
  -0.00669
  -0.00183
   0.00362
   0.00938
    0.0151
    0.0203
    0.0248
    0.0283
    0.0309
    0.0325
    0.0383
 -0.000922
 -0.000261
 -5.35e-05
 -1.09e-05
  -2.2e-06
 -4.34e-07
 -8.07e-08
 -1.11e-08
         0
         0
 -1.07e-08
 -7.85e-08
 -4.25e-07
 -2.16e-06
 -1.07e-05
 -5.27e-05
 -0.000257
 -0.000912
    0.0383
    0.0326
     0.031
    0.0285
    0.0249
    0.0204
     0.015
    0.0092
   0.00331
  -0.00225
   -0.0072
   -0.0113
   -0.0146
   -0.0169
   -0.0186
   -0.0195
     -0.02
   -0.0202
   -0.0201
     -0.02
   -0.0198
   -0.0197
   -0.0196
   -0.0196
   -0.0196
   -0.0197
   -0.0198
     -0.02
   -0.0201
   -0.0202
     -0.02
   -0.0195
   -0.0186
   -0.0169
   -0.0146
   -0.0113
   -0.0072
  -0.00225
   0.00331
    0.0092
     0.015
    0.0204
    0.0249
    0.0285
     0.031
    0.0326
    0.0383
 -0.000912
 -0.000257
 -5.27e-05
 -1.07e-05
 -2.16e-06
 -4.25e-07
 -7.85e-08
 -1.07e-08
         0
         0
 -1.03e-08
 -7.58e-08
 -4.12e-07
  -2.1e-06
 -1.05e-05
 -5.18e-05
 -0.000253
 -0.000898
    0.0383
    0.0327
    0.0311
    0.0287
    0.0251
    0.0205
     0.015
   0.00902
   0.00298
  -0.00272
  -0.00777
    -0.012
   -0.0152
   -0.0176
   -0.0192
   -0.0201
   -0.0205
   -0.0206
   -0.0205
   -0.0204
   -0.0202
     -0.02
   -0.0199
   -0.0198
   -0.0199
     -0.02
   -0.0202
   -0.0204
   -0.0205
   -0.0206
   -0.0205
   -0.0201
   -0.0192
   -0.0176
   -0.0152
    -0.012
  -0.00777
  -0.00272
   0.00298
   0.00902
     0.015
    0.0205
    0.0251
    0.0287
    0.0311
    0.0327
    0.0383
 -0.000898
 -0.000253
 -5.18e-05
 -1.05e-05
  -2.1e-06
 -4.12e-07
 -7.58e-08
 -1.03e-08
         0
         0
 -9.77e-09
 -7.26e-08
 -3.98e-07
 -2.04e-06
 -1.02e-05
 -5.06e-05
 -0.000248
 -0.000881
    0.0384
    0.0328
    0.0313
    0.0289
    0.0253
    0.0206
     0.015
   0.00884
   0.00264
   -0.0032
  -0.00835
   -0.0126
   -0.0159
   -0.0182
   -0.0198
   -0.0206
    -0.021
   -0.0211
   -0.0209
   -0.0207
   -0.0204
   -0.0202
   -0.0201
   -0.0201
   -0.0201
   -0.0202
   -0.0204
   -0.0207
   -0.0209
   -0.0211
    -0.021
   -0.0206
   -0.0198
   -0.0182
   -0.0159
   -0.0126
  -0.00835
   -0.0032
   0.00264
   0.00884
     0.015
    0.0206
    0.0253
    0.0289
    0.0313
    0.0328
    0.0384
 -0.000881
 -0.000248
 -5.06e-05
 -1.02e-05
 -2.04e-06
 -3.98e-07
 -7.26e-08
 -9.77e-09
         0
         0
 -9.18e-09
 -6.89e-08
 -3.81e-07
 -1.97e-06
  -9.9e-06
 -4.91e-05
 -0.000241
 -0.000859
    0.0384
    0.0329
    0.0315
    0.0291
    0.0255
    0.0208
     0.015
   0.00871
   0.00235
  -0.00362
  -0.00887
   -0.0132
   -0.0165
   -0.0188
   -0.0203
   -0.0211
   -0.0214
   -0.0213
   -0.0211
   -0.0208
   -0.0206
   -0.0203
   -0.0202
   -0.0201
   -0.0202
   -0.0203
   -0.0206
   -0.0208
   -0.0211
   -0.0213
   -0.0214
   -0.0211
   -0.0203
   -0.0188
   -0.0165
   -0.0132
  -0.00887
  -0.00362
   0.00235
   0.00871
     0.015
    0.0208
    0.0255
    0.0291
    0.0315
    0.0329
    0.0384
 -0.000859
 -0.000241
 -4.91e-05
  -9.9e-06
 -1.97e-06
 -3.81e-07
 -6.89e-08
 -9.18e-09
         0
         0
 -8.53e-09
 -6.47e-08
 -3.62e-07
 -1.88e-06
 -9.51e-06
 -4.73e-05
 -0.000233
 -0.000832
    0.0385
    0.0331
    0.0318
    0.0294
    0.0258
     0.021
    0.0151
    0.0087
   0.00221
  -0.00387
  -0.00919
   -0.0135
   -0.0168
   -0.0191
   -0.0205
   -0.0212
   -0.0215
   -0.0213
   -0.0211
   -0.0207
   -0.0204
   -0.0201
     -0.02
   -0.0199
     -0.02
   -0.0201
   -0.0204
   -0.0207
   -0.0211
   -0.0213
   -0.0215
   -0.0212
   -0.0205
   -0.0191
   -0.0168
   -0.0135
  -0.00919
  -0.00387
   0.00221
    0.0087
    0.0151
     0.021
    0.0258
    0.0294
    0.0318
    0.0331
    0.0385
 -0.000832
 -0.000233
 -4.73e-05
 -9.51e-06
 -1.88e-06
 -3.62e-07
 -6.47e-08
 -8.53e-09
         0
      19.3
 -7.87e-09
 -6.03e-08
  -3.4e-07
 -1.78e-06
 -9.04e-06
 -4.51e-05
 -0.000223
 -0.000798
    0.0386
    0.0332
     0.032
    0.0298
    0.0262
    0.0213
    0.0154
   0.00892
   0.00237
  -0.00376
  -0.00909
   -0.0134
   -0.0166
   -0.0189
   -0.0202
   -0.0208
    -0.021
   -0.0208
   -0.0204
     -0.02
   -0.0197
   -0.0194
   -0.0192
   -0.0191
   -0.0192
   -0.0194
   -0.0197
     -0.02
   -0.0204
   -0.0208
    -0.021
   -0.0208
   -0.0202
   -0.0189
   -0.0166
   -0.0134
  -0.00909
  -0.00376
   0.00237
   0.00892
    0.0154
    0.0213
    0.0262
    0.0298
     0.032
    0.0332
    0.0386
 -0.000798
 -0.000223
 -4.51e-05
 -9.04e-06
 -1.78e-06
  -3.4e-07
 -6.03e-08
 -7.87e-09
      19.3
      19.3
    -7e-09
 -5.46e-08
 -3.13e-07
 -1.66e-06
 -8.47e-06
 -4.25e-05
  -0.00021
 -0.000755
    0.0387
    0.0334
    0.0323
    0.0301
    0.0266
    0.0218
     0.016
   0.00954
   0.00306
  -0.00299
  -0.00823
   -0.0125
   -0.0156
   -0.0177
   -0.0189
   -0.0195
   -0.0195
   -0.0193
   -0.0189
   -0.0184
    -0.018
   -0.0177
   -0.0175
   -0.0174
   -0.0175
   -0.0177
    -0.018
   -0.0184
   -0.0189
   -0.0193
   -0.0195
   -0.0195
   -0.0189
   -0.0177
   -0.0156
   -0.0125
  -0.00823
  -0.00299
   0.00306
   0.00954
     0.016
    0.0218
    0.0266
    0.0301
    0.0323
    0.0334
    0.0387
 -0.000755
  -0.00021
 -4.25e-05
 -8.47e-06
 -1.66e-06
 -3.13e-07
 -5.46e-08
    -7e-09
      19.3
      19.3
  -6.1e-09
 -4.85e-08
 -2.82e-07
 -1.51e-06
 -7.76e-06
  -3.9e-05
 -0.000194
 -0.000697
    0.0387
    0.0335
    0.0325
    0.0305
    0.0272
    0.0226
     0.017
    0.0108
   0.00461
  -0.00117
  -0.00617
   -0.0102
   -0.0131
   -0.0151
   -0.0162
   -0.0166
   -0.0166
   -0.0163
   -0.0158
   -0.0153
   -0.0149
   -0.0146
   -0.0144
   -0.0143
   -0.0144
   -0.0146
   -0.0149
   -0.0153
   -0.0158
   -0.0163
   -0.0166
   -0.0166
   -0.0162
   -0.0151
   -0.0131
   -0.0102
  -0.00617
  -0.00117
   0.00461
    0.0108
     0.017
    0.0226
    0.0272
    0.0305
    0.0325
    0.0335
    0.0387
 -0.000697
 -0.000194
  -3.9e-05
 -7.76e-06
 -1.51e-06
 -2.82e-07
 -4.85e-08
  -6.1e-09
      19.3
      19.3
 -5.19e-09
 -4.18e-08
 -2.46e-07
 -1.32e-06
 -6.83e-06
 -3.44e-05
 -0.000171
 -0.000617
    0.0389
    0.0337
    0.0328
     0.031
     0.028
    0.0238
    0.0187
    0.0131
   0.00746
   0.00221
  -0.00231
  -0.00591
  -0.00854
   -0.0103
   -0.0112
   -0.0115
   -0.0114
   -0.0111
   -0.0106
   -0.0101
  -0.00969
  -0.00936
  -0.00916
  -0.00909
  -0.00916
  -0.00936
  -0.00969
   -0.0101
   -0.0106
   -0.0111
   -0.0114
   -0.0115
   -0.0112
   -0.0103
  -0.00854
  -0.00591
  -0.00231
   0.00221
   0.00746
    0.0131
    0.0187
    0.0238
     0.028
     0.031
    0.0328
    0.0337
    0.0389
 -0.000617
 -0.000171
 -3.44e-05
 -6.83e-06
 -1.32e-06
 -2.46e-07
 -4.18e-08
 -5.19e-09
      19.3
      19.3
 -4.19e-09
 -3.39e-08
    -2e-07
 -1.08e-06
 -5.59e-06
 -2.82e-05
  -0.00014
 -0.000506
     0.039
    0.0339
    0.0331
    0.0316
    0.0291
    0.0257
    0.0214
    0.0167
     0.012
   0.00763
   0.00387
  0.000893
  -0.00126
  -0.00265
  -0.00337
  -0.00359
  -0.00346
  -0.00311
  -0.00268
  -0.00223
  -0.00184
  -0.00154
  -0.00135
  -0.00129
  -0.00135
  -0.00154
  -0.00184
  -0.00223
  -0.00268
  -0.00311
  -0.00346
  -0.00359
  -0.00337
  -0.00265
  -0.00126
  0.000893
   0.00387
   0.00763
     0.012
    0.0167
    0.0214
    0.0257
    0.0291
    0.0316
    0.0331
    0.0339
     0.039
 -0.000506
  -0.00014
 -2.82e-05
 -5.59e-06
 -1.08e-06
    -2e-07
 -3.39e-08
 -4.19e-09
      19.3
      19.3
 -3.08e-09
  -2.5e-08
 -1.48e-07
 -7.99e-07
 -4.13e-06
 -2.09e-05
 -0.000104
 -0.000374
 -0.000485
 -0.000643
  -0.00118
   -0.0023
  -0.00416
  -0.00678
  -0.00999
   -0.0135
   -0.0171
   -0.0204
   -0.0232
   -0.0254
    -0.027
    -0.028
   -0.0285
   -0.0287
   -0.0285
   -0.0282
   -0.0278
   -0.0275
   -0.0272
   -0.0269
   -0.0268
   -0.0267
   -0.0268
   -0.0269
   -0.0272
   -0.0275
   -0.0278
   -0.0282
   -0.0285
   -0.0287
   -0.0285
    -0.028
    -0.027
   -0.0254
   -0.0232
   -0.0204
   -0.0171
   -0.0135
  -0.00999
  -0.00678
  -0.00416
   -0.0023
  -0.00118
 -0.000643
 -0.000485
 -0.000374
 -0.000104
 -2.09e-05
 -4.13e-06
 -7.99e-07
 -1.48e-07
  -2.5e-08
 -3.08e-09
      19.3
      19.3
 -2.47e-09
    -2e-08
 -1.19e-07
 -6.39e-07
  -3.3e-06
 -1.66e-05
 -8.28e-05
 -0.000298
 -0.000387
 -0.000517
 -0.000952
  -0.00186
  -0.00336
  -0.00546
  -0.00805
   -0.0109
   -0.0138
   -0.0164
   -0.0187
   -0.0204
   -0.0217
   -0.0225
   -0.0229
   -0.0229
   -0.0228
   -0.0225
   -0.0222
   -0.0219
   -0.0216
   -0.0214
   -0.0213
   -0.0212
   -0.0213
   -0.0214
   -0.0216
   -0.0219
   -0.0222
   -0.0225
   -0.0228
   -0.0229
   -0.0229
   -0.0225
   -0.0217
   -0.0204
   -0.0187
   -0.0164
   -0.0138
   -0.0109
  -0.00805
  -0.00546
  -0.00336
  -0.00186
 -0.000952
 -0.000517
 -0.000387
 -0.000298
 -8.28e-05
 -1.66e-05
  -3.3e-06
 -6.39e-07
 -1.19e-07
    -2e-08
 -2.47e-09
      19.3
      19.3
 -2.12e-09
 -1.72e-08
 -1.01e-07
 -5.46e-07
 -2.82e-06
 -1.42e-05
 -7.05e-05
 -0.000254
 -0.000331
 -0.000445
  -0.00082
   -0.0016
  -0.00289
  -0.00469
  -0.00691
  -0.00935
   -0.0118
   -0.0141
    -0.016
   -0.0175
   -0.0186
   -0.0193
   -0.0196
   -0.0196
   -0.0195
   -0.0192
   -0.0189
   -0.0186
   -0.0184
   -0.0182
   -0.0181
    -0.018
   -0.0181
   -0.0182
   -0.0184
   -0.0186
   -0.0189
   -0.0192
   -0.0195
   -0.0196
   -0.0196
   -0.0193
   -0.0186
   -0.0175
    -0.016
   -0.0141
   -0.0118
  -0.00935
  -0.00691
  -0.00469
  -0.00289
   -0.0016
  -0.00082
 -0.000445
 -0.000331
 -0.000254
 -7.05e-05
 -1.42e-05
 -2.82e-06
 -5.46e-07
 -1.01e-07
 -1.72e-08
 -2.12e-09
      19.3
      19.3
  -1.9e-09
 -1.54e-08
 -9.06e-08
 -4.87e-07
 -2.51e-06
 -1.26e-05
 -6.27e-05
 -0.000226
 -0.000295
 -0.000399
 -0.000738
  -0.00143
  -0.00259
   -0.0042
  -0.00618
  -0.00837
   -0.0106
   -0.0126
   -0.0143
   -0.0157
   -0.0166
   -0.0172
   -0.0174
   -0.0175
   -0.0173
   -0.0171
   -0.0168
   -0.0166
   -0.0163
   -0.0161
    -0.016
    -0.016
    -0.016
   -0.0161
   -0.0163
   -0.0166
   -0.0168
   -0.0171
   -0.0173
   -0.0175
   -0.0174
   -0.0172
   -0.0166
   -0.0157
   -0.0143
   -0.0126
   -0.0106
  -0.00837
  -0.00618
   -0.0042
  -0.00259
  -0.00143
 -0.000738
 -0.000399
 -0.000295
 -0.000226
 -6.27e-05
 -1.26e-05
 -2.51e-06
 -4.87e-07
 -9.06e-08
 -1.54e-08
  -1.9e-09
      19.3
      19.3
 -1.76e-09
 -1.42e-08
 -8.33e-08
 -4.47e-07
  -2.3e-06
 -1.16e-05
 -5.75e-05
 -0.000207
 -0.000271
 -0.000368
 -0.000682
  -0.00132
  -0.00239
  -0.00387
  -0.00569
   -0.0077
  -0.00971
   -0.0116
   -0.0132
   -0.0144
   -0.0153
   -0.0158
    -0.016
    -0.016
   -0.0159
   -0.0157
   -0.0154
   -0.0151
   -0.0149
   -0.0148
   -0.0147
   -0.0146
   -0.0147
   -0.0148
   -0.0149
   -0.0151
   -0.0154
   -0.0157
   -0.0159
    -0.016
    -0.016
   -0.0158
   -0.0153
   -0.0144
   -0.0132
   -0.0116
  -0.00971
   -0.0077
  -0.00569
  -0.00387
  -0.00239
  -0.00132
 -0.000682
 -0.000368
 -0.000271
 -0.000207
 -5.75e-05
 -1.16e-05
  -2.3e-06
 -4.47e-07
 -8.33e-08
 -1.42e-08
 -1.76e-09
      19.3
      19.3
 -1.66e-09
 -1.33e-08
 -7.83e-08
 -4.19e-07
 -2.16e-06
 -1.08e-05
 -5.38e-05
 -0.000193
 -0.000254
 -0.000347
 -0.000643
  -0.00125
  -0.00224
  -0.00364
  -0.00534
  -0.00722
  -0.00911
   -0.0109
   -0.0123
   -0.0135
   -0.0143
   -0.0148
    -0.015
    -0.015
   -0.0149
   -0.0146
   -0.0144
   -0.0142
   -0.0139
   -0.0138
   -0.0137
   -0.0137
   -0.0137
   -0.0138
   -0.0139
   -0.0142
   -0.0144
   -0.0146
   -0.0149
    -0.015
    -0.015
   -0.0148
   -0.0143
   -0.0135
   -0.0123
   -0.0109
  -0.00911
  -0.00722
  -0.00534
  -0.00364
  -0.00224
  -0.00125
 -0.000643
 -0.000347
 -0.000254
 -0.000193
 -5.38e-05
 -1.08e-05
 -2.16e-06
 -4.19e-07
 -7.83e-08
 -1.33e-08
 -1.66e-09
      19.3
      19.3
 -1.59e-09
 -1.28e-08
 -7.47e-08
    -4e-07
 -2.05e-06
 -1.03e-05
 -5.12e-05
 -0.000184
 -0.000242
 -0.000332
 -0.000616
  -0.00119
  -0.00214
  -0.00347
  -0.00509
  -0.00688
  -0.00868
   -0.0103
   -0.0117
   -0.0128
   -0.0136
   -0.0141
   -0.0143
   -0.0143
   -0.0141
   -0.0139
   -0.0137
   -0.0134
   -0.0132
   -0.0131
    -0.013
    -0.013
    -0.013
   -0.0131
   -0.0132
   -0.0134
   -0.0137
   -0.0139
   -0.0141
   -0.0143
   -0.0143
   -0.0141
   -0.0136
   -0.0128
   -0.0117
   -0.0103
  -0.00868
  -0.00688
  -0.00509
  -0.00347
  -0.00214
  -0.00119
 -0.000616
 -0.000332
 -0.000242
 -0.000184
 -5.12e-05
 -1.03e-05
 -2.05e-06
    -4e-07
 -7.47e-08
 -1.28e-08
 -1.59e-09
      19.3
      19.3
 -1.54e-09
 -1.23e-08
 -7.21e-08
 -3.85e-07
 -1.98e-06
 -9.94e-06
 -4.93e-05
 -0.000177
 -0.000234
 -0.000321
 -0.000596
  -0.00115
  -0.00207
  -0.00335
  -0.00491
  -0.00663
  -0.00836
  -0.00996
   -0.0113
   -0.0124
   -0.0131
   -0.0135
   -0.0137
   -0.0137
   -0.0136
   -0.0134
   -0.0132
   -0.0129
   -0.0127
   -0.0126
   -0.0125
   -0.0125
   -0.0125
   -0.0126
   -0.0127
   -0.0129
   -0.0132
   -0.0134
   -0.0136
   -0.0137
   -0.0137
   -0.0135
   -0.0131
   -0.0124
   -0.0113
  -0.00996
  -0.00836
  -0.00663
  -0.00491
  -0.00335
  -0.00207
  -0.00115
 -0.000596
 -0.000321
 -0.000234
 -0.000177
 -4.93e-05
 -9.94e-06
 -1.98e-06
 -3.85e-07
 -7.21e-08
 -1.23e-08
 -1.54e-09
      19.3
      19.3
  -1.5e-09
  -1.2e-08
 -7.02e-08
 -3.75e-07
 -1.92e-06
 -9.66e-06
 -4.79e-05
 -0.000172
 -0.000227
 -0.000313
 -0.000581
  -0.00112
  -0.00201
  -0.00325
  -0.00477
  -0.00644
  -0.00812
  -0.00968
    -0.011
    -0.012
   -0.0127
   -0.0132
   -0.0133
   -0.0133
   -0.0132
    -0.013
   -0.0128
   -0.0125
   -0.0123
   -0.0122
   -0.0121
   -0.0121
   -0.0121
   -0.0122
   -0.0123
   -0.0125
   -0.0128
    -0.013
   -0.0132
   -0.0133
   -0.0133
   -0.0132
   -0.0127
    -0.012
    -0.011
  -0.00968
  -0.00812
  -0.00644
  -0.00477
  -0.00325
  -0.00201
  -0.00112
 -0.000581
 -0.000313
 -0.000227
 -0.000172
 -4.79e-05
 -9.66e-06
 -1.92e-06
 -3.75e-07
 -7.02e-08
  -1.2e-08
  -1.5e-09
      19.3
      19.3
 -1.48e-09
 -1.18e-08
 -6.88e-08
 -3.67e-07
 -1.88e-06
 -9.45e-06
 -4.68e-05
 -0.000168
 -0.000222
 -0.000308
  -0.00057
   -0.0011
  -0.00197
  -0.00318
  -0.00467
   -0.0063
  -0.00795
  -0.00946
   -0.0107
   -0.0117
   -0.0124
   -0.0129
    -0.013
    -0.013
   -0.0129
   -0.0127
   -0.0125
   -0.0122
   -0.0121
   -0.0119
   -0.0118
   -0.0118
   -0.0118
   -0.0119
   -0.0121
   -0.0122
   -0.0125
   -0.0127
   -0.0129
    -0.013
    -0.013
   -0.0129
   -0.0124
   -0.0117
   -0.0107
  -0.00946
  -0.00795
   -0.0063
  -0.00467
  -0.00318
  -0.00197
   -0.0011
  -0.00057
 -0.000308
 -0.000222
 -0.000168
 -4.68e-05
 -9.45e-06
 -1.88e-06
 -3.67e-07
 -6.88e-08
 -1.18e-08
 -1.48e-09
      19.3
      19.3
 -1.46e-09
 -1.17e-08
 -6.78e-08
 -3.61e-07
 -1.85e-06
 -9.29e-06
 -4.61e-05
 -0.000165
 -0.000219
 -0.000303
 -0.000562
  -0.00108
  -0.00194
  -0.00313
  -0.00459
   -0.0062
  -0.00781
   -0.0093
   -0.0106
   -0.0115
   -0.0122
   -0.0126
   -0.0128
   -0.0128
   -0.0127
   -0.0125
   -0.0122
    -0.012
   -0.0118
   -0.0117
   -0.0116
   -0.0116
   -0.0116
   -0.0117
   -0.0118
    -0.012
   -0.0122
   -0.0125
   -0.0127
   -0.0128
   -0.0128
   -0.0126
   -0.0122
   -0.0115
   -0.0106
   -0.0093
  -0.00781
   -0.0062
  -0.00459
  -0.00313
  -0.00194
  -0.00108
 -0.000562
 -0.000303
 -0.000219
 -0.000165
 -4.61e-05
 -9.29e-06
 -1.85e-06
 -3.61e-07
 -6.78e-08
 -1.17e-08
 -1.46e-09
      19.3
      19.3
 -1.45e-09
 -1.15e-08
 -6.71e-08
 -3.57e-07
 -1.83e-06
 -9.17e-06
 -4.55e-05
 -0.000163
 -0.000216
   -0.0003
 -0.000557
  -0.00107
  -0.00192
  -0.00309
  -0.00453
  -0.00611
   -0.0077
  -0.00917
   -0.0104
   -0.0114
   -0.0121
   -0.0125
   -0.0126
   -0.0126
   -0.0125
   -0.0123
   -0.0121
   -0.0119
   -0.0117
   -0.0115
   -0.0115
   -0.0114
   -0.0115
   -0.0115
   -0.0117
   -0.0119
   -0.0121
   -0.0123
   -0.0125
   -0.0126
   -0.0126
   -0.0125
   -0.0121
   -0.0114
   -0.0104
  -0.00917
   -0.0077
  -0.00611
  -0.00453
  -0.00309
  -0.00192
  -0.00107
 -0.000557
   -0.0003
 -0.000216
 -0.000163
 -4.55e-05
 -9.17e-06
 -1.83e-06
 -3.57e-07
 -6.71e-08
 -1.15e-08
 -1.45e-09
      19.3
      19.3
 -1.44e-09
 -1.15e-08
 -6.65e-08
 -3.54e-07
 -1.81e-06
 -9.09e-06
  -4.5e-05
 -0.000162
 -0.000214
 -0.000298
 -0.000552
  -0.00106
   -0.0019
  -0.00306
  -0.00448
  -0.00605
  -0.00762
  -0.00908
   -0.0103
   -0.0113
   -0.0119
   -0.0123
   -0.0125
   -0.0125
   -0.0124
   -0.0122
   -0.0119
   -0.0117
   -0.0116
   -0.0114
   -0.0113
   -0.0113
   -0.0113
   -0.0114
   -0.0116
   -0.0117
   -0.0119
   -0.0122
   -0.0124
   -0.0125
   -0.0125
   -0.0123
   -0.0119
   -0.0113
   -0.0103
  -0.00908
  -0.00762
  -0.00605
  -0.00448
  -0.00306
   -0.0019
  -0.00106
 -0.000552
 -0.000298
 -0.000214
 -0.000162
  -4.5e-05
 -9.09e-06
 -1.81e-06
 -3.54e-07
 -6.65e-08
 -1.15e-08
 -1.44e-09
      19.3
      19.3
 -1.44e-09
 -1.14e-08
 -6.62e-08
 -3.52e-07
  -1.8e-06
 -9.02e-06
 -4.47e-05
  -0.00016
 -0.000213
 -0.000296
 -0.000549
  -0.00106
  -0.00188
  -0.00304
  -0.00445
    -0.006
  -0.00756
    -0.009
   -0.0102
   -0.0112
   -0.0118
   -0.0122
   -0.0124
   -0.0124
   -0.0123
   -0.0121
   -0.0118
   -0.0116
   -0.0115
   -0.0113
   -0.0112
   -0.0112
   -0.0112
   -0.0113
   -0.0115
   -0.0116
   -0.0118
   -0.0121
   -0.0123
   -0.0124
   -0.0124
   -0.0122
   -0.0118
   -0.0112
   -0.0102
    -0.009
  -0.00756
    -0.006
  -0.00445
  -0.00304
  -0.00188
  -0.00106
 -0.000549
 -0.000296
 -0.000213
  -0.00016
 -4.47e-05
 -9.02e-06
  -1.8e-06
 -3.52e-07
 -6.62e-08
 -1.14e-08
 -1.44e-09
      19.3
      19.3
 -1.43e-09
 -1.14e-08
 -6.59e-08
  -3.5e-07
 -1.79e-06
 -8.98e-06
 -4.44e-05
 -0.000159
 -0.000212
 -0.000295
 -0.000547
  -0.00105
  -0.00187
  -0.00302
  -0.00442
  -0.00596
  -0.00751
  -0.00894
   -0.0102
   -0.0111
   -0.0118
   -0.0122
   -0.0123
   -0.0123
   -0.0122
    -0.012
   -0.0118
   -0.0116
   -0.0114
   -0.0112
   -0.0112
   -0.0111
   -0.0112
   -0.0112
   -0.0114
   -0.0116
   -0.0118
    -0.012
   -0.0122
   -0.0123
   -0.0123
   -0.0122
   -0.0118
   -0.0111
   -0.0102
  -0.00894
  -0.00751
  -0.00596
  -0.00442
  -0.00302
  -0.00187
  -0.00105
 -0.000547
 -0.000295
 -0.000212
 -0.000159
 -4.44e-05
 -8.98e-06
 -1.79e-06
  -3.5e-07
 -6.59e-08
 -1.14e-08
 -1.43e-09
      19.3
      19.3
 -1.43e-09
 -1.14e-08
 -6.57e-08
 -3.49e-07
 -1.79e-06
 -8.94e-06
 -4.43e-05
 -0.000159
 -0.000211
 -0.000295
 -0.000546
  -0.00105
  -0.00187
  -0.00301
   -0.0044
  -0.00594
  -0.00748
   -0.0089
   -0.0101
    -0.011
   -0.0117
   -0.0121
   -0.0123
   -0.0122
   -0.0121
   -0.0119
   -0.0117
   -0.0115
   -0.0113
   -0.0112
   -0.0111
   -0.0111
   -0.0111
   -0.0112
   -0.0113
   -0.0115
   -0.0117
   -0.0119
   -0.0121
   -0.0122
   -0.0123
   -0.0121
   -0.0117
    -0.011
   -0.0101
   -0.0089
  -0.00748
  -0.00594
   -0.0044
  -0.00301
  -0.00187
  -0.00105
 -0.000546
 -0.000295
 -0.000211
 -0.000159
 -4.43e-05
 -8.94e-06
 -1.79e-06
 -3.49e-07
 -6.57e-08
 -1.14e-08
 -1.43e-09
      19.3
      19.3
 -1.43e-09
 -1.13e-08
 -6.56e-08
 -3.49e-07
 -1.78e-06
 -8.92e-06
 -4.41e-05
 -0.000158
 -0.000211
 -0.000294
 -0.000545
  -0.00105
  -0.00186
    -0.003
  -0.00438
  -0.00591
  -0.00745
  -0.00886
   -0.0101
    -0.011
   -0.0117
    -0.012
   -0.0122
   -0.0122
   -0.0121
   -0.0119
   -0.0117
   -0.0115
   -0.0113
   -0.0111
   -0.0111
    -0.011
   -0.0111
   -0.0111
   -0.0113
   -0.0115
   -0.0117
   -0.0119
   -0.0121
   -0.0122
   -0.0122
    -0.012
   -0.0117
    -0.011
   -0.0101
  -0.00886
  -0.00745
  -0.00591
  -0.00438
    -0.003
  -0.00186
  -0.00105
 -0.000545
 -0.000294
 -0.000211
 -0.000158
 -4.41e-05
 -8.92e-06
 -1.78e-06
 -3.49e-07
 -6.56e-08
 -1.13e-08
 -1.43e-09
      19.3
      19.3
 -1.43e-09
 -1.14e-08
 -6.56e-08
 -3.48e-07
 -1.78e-06
  -8.9e-06
 -4.41e-05
 -0.000158
  -0.00021
 -0.000294
 -0.000545
  -0.00104
  -0.00186
  -0.00299
  -0.00437
   -0.0059
  -0.00742
  -0.00884
     -0.01
    -0.011
   -0.0116
    -0.012
   -0.0122
   -0.0122
    -0.012
   -0.0118
   -0.0116
   -0.0114
   -0.0112
   -0.0111
    -0.011
    -0.011
    -0.011
   -0.0111
   -0.0112
   -0.0114
   -0.0116
   -0.0118
    -0.012
   -0.0122
   -0.0122
    -0.012
   -0.0116
    -0.011
     -0.01
  -0.00884
  -0.00742
   -0.0059
  -0.00437
  -0.00299
  -0.00186
  -0.00104
 -0.000545
 -0.000294
  -0.00021
 -0.000158
 -4.41e-05
  -8.9e-06
 -1.78e-06
 -3.48e-07
 -6.56e-08
 -1.14e-08
 -1.43e-09
      19.3
      19.3
 -1.44e-09
 -1.14e-08
 -6.56e-08
 -3.48e-07
 -1.78e-06
 -8.89e-06
  -4.4e-05
 -0.000158
  -0.00021
 -0.000294
 -0.000545
  -0.00104
  -0.00186
  -0.00298
  -0.00436
  -0.00588
  -0.00741
  -0.00882
     -0.01
   -0.0109
   -0.0116
    -0.012
   -0.0121
   -0.0121
    -0.012
   -0.0118
   -0.0116
   -0.0114
   -0.0112
   -0.0111
    -0.011
    -0.011
    -0.011
   -0.0111
   -0.0112
   -0.0114
   -0.0116
   -0.0118
    -0.012
   -0.0121
   -0.0121
    -0.012
   -0.0116
   -0.0109
     -0.01
  -0.00882
  -0.00741
  -0.00588
  -0.00436
  -0.00298
  -0.00186
  -0.00104
 -0.000545
 -0.000294
  -0.00021
 -0.000158
  -4.4e-05
 -8.89e-06
 -1.78e-06
 -3.48e-07
 -6.56e-08
 -1.14e-08
 -1.44e-09
      19.3
      19.3
 -1.44e-09
 -1.14e-08
 -6.57e-08
 -3.48e-07
 -1.78e-06
 -8.89e-06
  -4.4e-05
 -0.000158
  -0.00021
 -0.000295
 -0.000546
  -0.00104
  -0.00185
  -0.00298
  -0.00436
  -0.00587
  -0.00739
   -0.0088
     -0.01
   -0.0109
   -0.0116
    -0.012
   -0.0121
   -0.0121
    -0.012
   -0.0118
   -0.0116
   -0.0114
   -0.0112
   -0.0111
    -0.011
    -0.011
    -0.011
   -0.0111
   -0.0112
   -0.0114
   -0.0116
   -0.0118
    -0.012
   -0.0121
   -0.0121
    -0.012
   -0.0116
   -0.0109
     -0.01
   -0.0088
  -0.00739
  -0.00587
  -0.00436
  -0.00298
  -0.00185
  -0.00104
 -0.000546
 -0.000295
  -0.00021
 -0.000158
  -4.4e-05
 -8.89e-06
 -1.78e-06
 -3.48e-07
 -6.57e-08
 -1.14e-08
 -1.44e-09
      19.3
      19.3
 -1.45e-09
 -1.14e-08
 -6.58e-08
 -3.48e-07
 -1.78e-06
 -8.89e-06
  -4.4e-05
 -0.000158
  -0.00021
 -0.000295
 -0.000546
  -0.00104
  -0.00185
  -0.00298
  -0.00435
  -0.00586
  -0.00738
  -0.00879
  -0.00998
   -0.0109
   -0.0116
   -0.0119
   -0.0121
   -0.0121
    -0.012
   -0.0118
   -0.0116
   -0.0114
   -0.0112
   -0.0111
    -0.011
   -0.0109
    -0.011
   -0.0111
   -0.0112
   -0.0114
   -0.0116
   -0.0118
    -0.012
   -0.0121
   -0.0121
   -0.0119
   -0.0116
   -0.0109
  -0.00998
  -0.00879
  -0.00738
  -0.00586
  -0.00435
  -0.00298
  -0.00185
  -0.00104
 -0.000546
 -0.000295
  -0.00021
 -0.000158
  -4.4e-05
 -8.89e-06
 -1.78e-06
 -3.48e-07
 -6.58e-08
 -1.14e-08
 -1.45e-09
      19.3
      19.3
 -1.45e-09
 -1.14e-08
 -6.59e-08
 -3.49e-07
 -1.78e-06
  -8.9e-06
  -4.4e-05
 -0.000158
 -0.000211
 -0.000296
 -0.000547
  -0.00104
  -0.00185
  -0.00298
  -0.00435
  -0.00586
  -0.00738
  -0.00878
  -0.00997
   -0.0109
   -0.0115
   -0.0119
   -0.0121
   -0.0121
    -0.012
   -0.0118
   -0.0116
   -0.0114
   -0.0112
   -0.0111
    -0.011
   -0.0109
    -0.011
   -0.0111
   -0.0112
   -0.0114
   -0.0116
   -0.0118
    -0.012
   -0.0121
   -0.0121
   -0.0119
   -0.0115
   -0.0109
  -0.00997
  -0.00878
  -0.00738
  -0.00586
  -0.00435
  -0.00298
  -0.00185
  -0.00104
 -0.000547
 -0.000296
 -0.000211
 -0.000158
  -4.4e-05
  -8.9e-06
 -1.78e-06
 -3.49e-07
 -6.59e-08
 -1.14e-08
 -1.45e-09
      19.3
      19.3
 -1.46e-09
 -1.15e-08
 -6.61e-08
  -3.5e-07
 -1.78e-06
 -8.91e-06
  -4.4e-05
 -0.000158
 -0.000211
 -0.000297
 -0.000549
  -0.00105
  -0.00185
  -0.00298
  -0.00435
  -0.00586
  -0.00737
  -0.00877
  -0.00996
   -0.0109
   -0.0115
   -0.0119
   -0.0121
   -0.0121
    -0.012
   -0.0118
   -0.0116
   -0.0114
   -0.0112
    -0.011
    -0.011
   -0.0109
    -0.011
    -0.011
   -0.0112
   -0.0114
   -0.0116
   -0.0118
    -0.012
   -0.0121
   -0.0121
   -0.0119
   -0.0115
   -0.0109
  -0.00996
  -0.00877
  -0.00737
  -0.00586
  -0.00435
  -0.00298
  -0.00185
  -0.00105
 -0.000549
 -0.000297
 -0.000211
 -0.000158
  -4.4e-05
 -8.91e-06
 -1.78e-06
  -3.5e-07
 -6.61e-08
 -1.15e-08
 -1.46e-09
      19.3
      19.3
 -1.47e-09
 -1.15e-08
 -6.63e-08
  -3.5e-07
 -1.78e-06
 -8.92e-06
 -4.41e-05
 -0.000158
 -0.000211
 -0.000298
  -0.00055
  -0.00105
  -0.00186
  -0.00298
  -0.00435
  -0.00585
  -0.00737
  -0.00877
  -0.00996
   -0.0109
   -0.0115
   -0.0119
   -0.0121
   -0.0121
    -0.012
   -0.0118
   -0.0116
   -0.0114
   -0.0112
    -0.011
    -0.011
   -0.0109
    -0.011
    -0.011
   -0.0112
   -0.0114
   -0.0116
   -0.0118
    -0.012
   -0.0121
   -0.0121
   -0.0119
   -0.0115
   -0.0109
  -0.00996
  -0.00877
  -0.00737
  -0.00585
  -0.00435
  -0.00298
  -0.00186
  -0.00105
  -0.00055
 -0.000298
 -0.000211
 -0.000158
 -4.41e-05
 -8.92e-06
 -1.78e-06
  -3.5e-07
 -6.63e-08
 -1.15e-08
 -1.47e-09
      19.3
      19.3
 -1.47e-09
 -1.16e-08
 -6.65e-08
 -3.51e-07
 -1.79e-06
 -8.93e-06
 -4.41e-05
 -0.000158
 -0.000212
 -0.000299
 -0.000552
  -0.00105
  -0.00186
  -0.00298
  -0.00435
  -0.00585
  -0.00737
  -0.00877
  -0.00996
   -0.0109
   -0.0115
   -0.0119
   -0.0121
   -0.0121
    -0.012
   -0.0118
   -0.0116
   -0.0114
   -0.0112
   -0.0111
    -0.011
   -0.0109
    -0.011
   -0.0111
   -0.0112
   -0.0114
   -0.0116
   -0.0118
    -0.012
   -0.0121
   -0.0121
   -0.0119
   -0.0115
   -0.0109
  -0.00996
  -0.00877
  -0.00737
  -0.00585
  -0.00435
  -0.00298
  -0.00186
  -0.00105
 -0.000552
 -0.000299
 -0.000212
 -0.000158
 -4.41e-05
 -8.93e-06
 -1.79e-06
 -3.51e-07
 -6.65e-08
 -1.16e-08
 -1.47e-09
      19.3
      19.3
 -1.48e-09
 -1.16e-08
 -6.67e-08
 -3.52e-07
 -1.79e-06
 -8.95e-06
 -4.42e-05
 -0.000158
 -0.000212
   -0.0003
 -0.000554
  -0.00105
  -0.00186
  -0.00298
  -0.00435
  -0.00586
  -0.00737
  -0.00877
  -0.00996
   -0.0109
   -0.0115
   -0.0119
   -0.0121
   -0.0121
    -0.012
   -0.0118
   -0.0116
   -0.0114
   -0.0112
   -0.0111
    -0.011
   -0.0109
    -0.011
   -0.0111
   -0.0112
   -0.0114
   -0.0116
   -0.0118
    -0.012
   -0.0121
   -0.0121
   -0.0119
   -0.0115
   -0.0109
  -0.00996
  -0.00877
  -0.00737
  -0.00586
  -0.00435
  -0.00298
  -0.00186
  -0.00105
 -0.000554
   -0.0003
 -0.000212
 -0.000158
 -4.42e-05
 -8.95e-06
 -1.79e-06
 -3.52e-07
 -6.67e-08
 -1.16e-08
 -1.48e-09
      19.3
      19.3
 -1.49e-09
 -1.17e-08
  -6.7e-08
 -3.53e-07
  -1.8e-06
 -8.98e-06
 -4.43e-05
 -0.000159
 -0.000213
 -0.000301
 -0.000556
  -0.00105
  -0.00186
  -0.00298
  -0.00435
  -0.00586
  -0.00737
  -0.00877
  -0.00996
   -0.0109
   -0.0115
   -0.0119
   -0.0121
   -0.0121
    -0.012
   -0.0118
   -0.0116
   -0.0114
   -0.0112
   -0.0111
    -0.011
    -0.011
    -0.011
   -0.0111
   -0.0112
   -0.0114
   -0.0116
   -0.0118
    -0.012
   -0.0121
   -0.0121
   -0.0119
   -0.0115
   -0.0109
  -0.00996
  -0.00877
  -0.00737
  -0.00586
  -0.00435
  -0.00298
  -0.00186
  -0.00105
 -0.000556
 -0.000301
 -0.000213
 -0.000159
 -4.43e-05
 -8.98e-06
  -1.8e-06
 -3.53e-07
  -6.7e-08
 -1.17e-08
 -1.49e-09
      19.3
      19.3
  -1.5e-09
 -1.18e-08
 -6.73e-08
 -3.55e-07
  -1.8e-06
    -9e-06
 -4.45e-05
 -0.000159
 -0.000214
 -0.000303
 -0.000558
  -0.00106
  -0.00187
  -0.00299
  -0.00436
  -0.00586
  -0.00738
  -0.00878
  -0.00997
   -0.0109
   -0.0116
   -0.0119
   -0.0121
   -0.0121
    -0.012
   -0.0118
   -0.0116
   -0.0114
   -0.0112
   -0.0111
    -0.011
    -0.011
    -0.011
   -0.0111
   -0.0112
   -0.0114
   -0.0116
   -0.0118
    -0.012
   -0.0121
   -0.0121
   -0.0119
   -0.0116
   -0.0109
  -0.00997
  -0.00878
  -0.00738
  -0.00586
  -0.00436
  -0.00299
  -0.00187
  -0.00106
 -0.000558
 -0.000303
 -0.000214
 -0.000159
 -4.45e-05
    -9e-06
  -1.8e-06
 -3.55e-07
 -6.73e-08
 -1.18e-08
  -1.5e-09
      19.3
      19.3
 -1.51e-09
 -1.18e-08
 -6.77e-08
 -3.56e-07
 -1.81e-06
 -9.03e-06
 -4.46e-05
  -0.00016
 -0.000215
 -0.000304
 -0.000561
  -0.00106
  -0.00187
    -0.003
  -0.00437
  -0.00587
  -0.00739
  -0.00879
  -0.00998
   -0.0109
   -0.0116
    -0.012
   -0.0121
   -0.0121
    -0.012
   -0.0118
   -0.0116
   -0.0114
   -0.0112
   -0.0111
    -0.011
    -0.011
    -0.011
   -0.0111
   -0.0112
   -0.0114
   -0.0116
   -0.0118
    -0.012
   -0.0121
   -0.0121
    -0.012
   -0.0116
   -0.0109
  -0.00998
  -0.00879
  -0.00739
  -0.00587
  -0.00437
    -0.003
  -0.00187
  -0.00106
 -0.000561
 -0.000304
 -0.000215
  -0.00016
 -4.46e-05
 -9.03e-06
 -1.81e-06
 -3.56e-07
 -6.77e-08
 -1.18e-08
 -1.51e-09
      19.3
      19.3
 -1.53e-09
 -1.19e-08
 -6.81e-08
 -3.58e-07
 -1.82e-06
 -9.07e-06
 -4.48e-05
  -0.00016
 -0.000216
 -0.000306
 -0.000564
  -0.00107
  -0.00188
    -0.003
  -0.00438
  -0.00589
   -0.0074
  -0.00881
     -0.01
   -0.0109
   -0.0116
    -0.012
   -0.0122
   -0.0122
    -0.012
   -0.0119
   -0.0116
   -0.0114
   -0.0113
   -0.0111
   -0.0111
    -0.011
   -0.0111
   -0.0111
   -0.0113
   -0.0114
   -0.0116
   -0.0119
    -0.012
   -0.0122
   -0.0122
    -0.012
   -0.0116
   -0.0109
     -0.01
  -0.00881
   -0.0074
  -0.00589
  -0.00438
    -0.003
  -0.00188
  -0.00107
 -0.000564
 -0.000306
 -0.000216
  -0.00016
 -4.48e-05
 -9.07e-06
 -1.82e-06
 -3.58e-07
 -6.81e-08
 -1.19e-08
 -1.53e-09
      19.3
      19.3
 -1.54e-09
  -1.2e-08
 -6.85e-08
  -3.6e-07
 -1.83e-06
 -9.12e-06
  -4.5e-05
 -0.000161
 -0.000217
 -0.000308
 -0.000568
  -0.00107
  -0.00189
  -0.00301
  -0.00439
   -0.0059
  -0.00742
  -0.00883
     -0.01
    -0.011
   -0.0116
    -0.012
   -0.0122
   -0.0122
   -0.0121
   -0.0119
   -0.0117
   -0.0115
   -0.0113
   -0.0112
   -0.0111
   -0.0111
   -0.0111
   -0.0112
   -0.0113
   -0.0115
   -0.0117
   -0.0119
   -0.0121
   -0.0122
   -0.0122
    -0.012
   -0.0116
    -0.011
     -0.01
  -0.00883
  -0.00742
   -0.0059
  -0.00439
  -0.00301
  -0.00189
  -0.00107
 -0.000568
 -0.000308
 -0.000217
 -0.000161
  -4.5e-05
 -9.12e-06
 -1.83e-06
  -3.6e-07
 -6.85e-08
  -1.2e-08
 -1.54e-09
      19.3
      19.3
 -1.56e-09
 -1.21e-08
 -6.91e-08
 -3.63e-07
 -1.84e-06
 -9.17e-06
 -4.52e-05
 -0.000162
 -0.000218
 -0.000311
 -0.000572
  -0.00108
   -0.0019
  -0.00303
  -0.00441
  -0.00592
  -0.00745
  -0.00886
   -0.0101
    -0.011
   -0.0117
   -0.0121
   -0.0122
   -0.0122
   -0.0121
   -0.0119
   -0.0117
   -0.0115
   -0.0113
   -0.0112
   -0.0111
   -0.0111
   -0.0111
   -0.0112
   -0.0113
   -0.0115
   -0.0117
   -0.0119
   -0.0121
   -0.0122
   -0.0122
   -0.0121
   -0.0117
    -0.011
   -0.0101
  -0.00886
  -0.00745
  -0.00592
  -0.00441
  -0.00303
   -0.0019
  -0.00108
 -0.000572
 -0.000311
 -0.000218
 -0.000162
 -4.52e-05
 -9.17e-06
 -1.84e-06
 -3.63e-07
 -6.91e-08
 -1.21e-08
 -1.56e-09
      19.3
      19.3
 -1.58e-09
 -1.22e-08
 -6.97e-08
 -3.66e-07
 -1.85e-06
 -9.24e-06
 -4.55e-05
 -0.000163
  -0.00022
 -0.000314
 -0.000577
  -0.00109
  -0.00191
  -0.00304
  -0.00443
  -0.00595
  -0.00748
   -0.0089
   -0.0101
    -0.011
   -0.0117
   -0.0121
   -0.0123
   -0.0123
   -0.0122
    -0.012
   -0.0118
   -0.0116
   -0.0114
   -0.0113
   -0.0112
   -0.0112
   -0.0112
   -0.0113
   -0.0114
   -0.0116
   -0.0118
    -0.012
   -0.0122
   -0.0123
   -0.0123
   -0.0121
   -0.0117
    -0.011
   -0.0101
   -0.0089
  -0.00748
  -0.00595
  -0.00443
  -0.00304
  -0.00191
  -0.00109
 -0.000577
 -0.000314
  -0.00022
 -0.000163
 -4.55e-05
 -9.24e-06
 -1.85e-06
 -3.66e-07
 -6.97e-08
 -1.22e-08
 -1.58e-09
      19.3
      19.3
  -1.6e-09
 -1.24e-08
 -7.04e-08
 -3.69e-07
 -1.87e-06
 -9.32e-06
 -4.59e-05
 -0.000164
 -0.000222
 -0.000317
 -0.000583
   -0.0011
  -0.00192
  -0.00306
  -0.00445
  -0.00599
  -0.00752
  -0.00895
   -0.0102
   -0.0111
   -0.0118
   -0.0122
   -0.0124
   -0.0124
   -0.0123
   -0.0121
   -0.0119
   -0.0117
   -0.0115
   -0.0114
   -0.0113
   -0.0112
   -0.0113
   -0.0114
   -0.0115
   -0.0117
   -0.0119
   -0.0121
   -0.0123
   -0.0124
   -0.0124
   -0.0122
   -0.0118
   -0.0111
   -0.0102
  -0.00895
  -0.00752
  -0.00599
  -0.00445
  -0.00306
  -0.00192
   -0.0011
 -0.000583
 -0.000317
 -0.000222
 -0.000164
 -4.59e-05
 -9.32e-06
 -1.87e-06
 -3.69e-07
 -7.04e-08
 -1.24e-08
  -1.6e-09
      19.3
      19.3
 -1.62e-09
 -1.26e-08
 -7.13e-08
 -3.73e-07
 -1.89e-06
 -9.41e-06
 -4.64e-05
 -0.000166
 -0.000224
 -0.000321
  -0.00059
  -0.00111
  -0.00194
  -0.00309
  -0.00449
  -0.00603
  -0.00758
  -0.00902
   -0.0102
   -0.0112
   -0.0119
   -0.0123
   -0.0125
   -0.0125
   -0.0124
   -0.0122
    -0.012
   -0.0118
   -0.0116
   -0.0115
   -0.0114
   -0.0113
   -0.0114
   -0.0115
   -0.0116
   -0.0118
    -0.012
   -0.0122
   -0.0124
   -0.0125
   -0.0125
   -0.0123
   -0.0119
   -0.0112
   -0.0102
  -0.00902
  -0.00758
  -0.00603
  -0.00449
  -0.00309
  -0.00194
  -0.00111
  -0.00059
 -0.000321
 -0.000224
 -0.000166
 -4.64e-05
 -9.41e-06
 -1.89e-06
 -3.73e-07
 -7.13e-08
 -1.26e-08
 -1.62e-09
      19.3
      19.3
 -1.65e-09
 -1.27e-08
 -7.23e-08
 -3.79e-07
 -1.92e-06
 -9.54e-06
  -4.7e-05
 -0.000168
 -0.000227
 -0.000326
 -0.000599
  -0.00112
  -0.00196
  -0.00312
  -0.00454
  -0.00609
  -0.00766
  -0.00911
   -0.0103
   -0.0113
    -0.012
   -0.0124
   -0.0126
   -0.0126
   -0.0125
   -0.0123
   -0.0121
   -0.0119
   -0.0117
   -0.0116
   -0.0115
   -0.0115
   -0.0115
   -0.0116
   -0.0117
   -0.0119
   -0.0121
   -0.0123
   -0.0125
   -0.0126
   -0.0126
   -0.0124
    -0.012
   -0.0113
   -0.0103
  -0.00911
  -0.00766
  -0.00609
  -0.00454
  -0.00312
  -0.00196
  -0.00112
 -0.000599
 -0.000326
 -0.000227
 -0.000168
  -4.7e-05
 -9.54e-06
 -1.92e-06
 -3.79e-07
 -7.23e-08
 -1.27e-08
 -1.65e-09
      19.3
      19.3
 -1.68e-09
  -1.3e-08
 -7.36e-08
 -3.85e-07
 -1.95e-06
 -9.69e-06
 -4.77e-05
 -0.000171
 -0.000231
 -0.000332
 -0.000609
  -0.00114
  -0.00199
  -0.00317
   -0.0046
  -0.00617
  -0.00776
  -0.00922
   -0.0105
   -0.0115
   -0.0122
   -0.0126
   -0.0128
   -0.0128
   -0.0127
   -0.0125
   -0.0123
   -0.0121
   -0.0119
   -0.0117
   -0.0117
   -0.0116
   -0.0117
   -0.0117
   -0.0119
   -0.0121
   -0.0123
   -0.0125
   -0.0127
   -0.0128
   -0.0128
   -0.0126
   -0.0122
   -0.0115
   -0.0105
  -0.00922
  -0.00776
  -0.00617
   -0.0046
  -0.00317
  -0.00199
  -0.00114
 -0.000609
 -0.000332
 -0.000231
 -0.000171
 -4.77e-05
 -9.69e-06
 -1.95e-06
 -3.85e-07
 -7.36e-08
  -1.3e-08
 -1.68e-09
      19.3
      19.3
 -1.72e-09
 -1.33e-08
 -7.52e-08
 -3.93e-07
 -1.99e-06
 -9.89e-06
 -4.87e-05
 -0.000174
 -0.000236
 -0.000339
 -0.000622
  -0.00116
  -0.00203
  -0.00322
  -0.00468
  -0.00628
  -0.00789
  -0.00938
   -0.0107
   -0.0117
   -0.0124
   -0.0128
    -0.013
    -0.013
   -0.0129
   -0.0127
   -0.0125
   -0.0123
   -0.0121
    -0.012
   -0.0119
   -0.0119
   -0.0119
    -0.012
   -0.0121
   -0.0123
   -0.0125
   -0.0127
   -0.0129
    -0.013
    -0.013
   -0.0128
   -0.0124
   -0.0117
   -0.0107
  -0.00938
  -0.00789
  -0.00628
  -0.00468
  -0.00322
  -0.00203
  -0.00116
 -0.000622
 -0.000339
 -0.000236
 -0.000174
 -4.87e-05
 -9.89e-06
 -1.99e-06
 -3.93e-07
 -7.52e-08
 -1.33e-08
 -1.72e-09
      19.3
      19.3
 -1.77e-09
 -1.36e-08
 -7.72e-08
 -4.03e-07
 -2.04e-06
 -1.01e-05
 -4.99e-05
 -0.000178
 -0.000242
 -0.000348
 -0.000638
  -0.00119
  -0.00208
   -0.0033
  -0.00478
  -0.00642
  -0.00806
  -0.00959
   -0.0109
   -0.0119
   -0.0126
   -0.0131
   -0.0133
   -0.0133
   -0.0132
    -0.013
   -0.0128
   -0.0126
   -0.0124
   -0.0123
   -0.0122
   -0.0121
   -0.0122
   -0.0123
   -0.0124
   -0.0126
   -0.0128
    -0.013
   -0.0132
   -0.0133
   -0.0133
   -0.0131
   -0.0126
   -0.0119
   -0.0109
  -0.00959
  -0.00806
  -0.00642
  -0.00478
   -0.0033
  -0.00208
  -0.00119
 -0.000638
 -0.000348
 -0.000242
 -0.000178
 -4.99e-05
 -1.01e-05
 -2.04e-06
 -4.03e-07
 -7.72e-08
 -1.36e-08
 -1.77e-09
      19.3
      19.3
 -1.83e-09
 -1.41e-08
 -7.98e-08
 -4.17e-07
 -2.11e-06
 -1.05e-05
 -5.15e-05
 -0.000184
  -0.00025
 -0.000359
 -0.000658
  -0.00123
  -0.00214
  -0.00339
  -0.00492
   -0.0066
   -0.0083
  -0.00986
   -0.0112
   -0.0123
    -0.013
   -0.0135
   -0.0137
   -0.0137
   -0.0136
   -0.0134
   -0.0132
    -0.013
   -0.0128
   -0.0126
   -0.0125
   -0.0125
   -0.0125
   -0.0126
   -0.0128
    -0.013
   -0.0132
   -0.0134
   -0.0136
   -0.0137
   -0.0137
   -0.0135
    -0.013
   -0.0123
   -0.0112
  -0.00986
   -0.0083
   -0.0066
  -0.00492
  -0.00339
  -0.00214
  -0.00123
 -0.000658
 -0.000359
  -0.00025
 -0.000184
 -5.15e-05
 -1.05e-05
 -2.11e-06
 -4.17e-07
 -7.98e-08
 -1.41e-08
 -1.83e-09
      19.3
      19.3
 -1.91e-09
 -1.47e-08
 -8.31e-08
 -4.34e-07
 -2.19e-06
 -1.09e-05
 -5.37e-05
 -0.000192
  -0.00026
 -0.000374
 -0.000685
  -0.00128
  -0.00222
  -0.00352
  -0.00511
  -0.00685
  -0.00861
   -0.0102
   -0.0116
   -0.0127
   -0.0135
    -0.014
   -0.0142
   -0.0142
   -0.0141
   -0.0139
   -0.0137
   -0.0135
   -0.0133
   -0.0132
   -0.0131
    -0.013
   -0.0131
   -0.0132
   -0.0133
   -0.0135
   -0.0137
   -0.0139
   -0.0141
   -0.0142
   -0.0142
    -0.014
   -0.0135
   -0.0127
   -0.0116
   -0.0102
  -0.00861
  -0.00685
  -0.00511
  -0.00352
  -0.00222
  -0.00128
 -0.000685
 -0.000374
  -0.00026
 -0.000192
 -5.37e-05
 -1.09e-05
 -2.19e-06
 -4.34e-07
 -8.31e-08
 -1.47e-08
 -1.91e-09
      19.3
      19.3
 -2.01e-09
 -1.55e-08
 -8.76e-08
 -4.57e-07
 -2.31e-06
 -1.15e-05
 -5.65e-05
 -0.000202
 -0.000274
 -0.000394
  -0.00072
  -0.00134
  -0.00233
   -0.0037
  -0.00536
  -0.00719
  -0.00903
   -0.0107
   -0.0122
   -0.0134
   -0.0142
   -0.0147
   -0.0149
   -0.0149
   -0.0148
   -0.0146
   -0.0144
   -0.0142
    -0.014
   -0.0139
   -0.0138
   -0.0137
   -0.0138
   -0.0139
    -0.014
   -0.0142
   -0.0144
   -0.0146
   -0.0148
   -0.0149
   -0.0149
   -0.0147
   -0.0142
   -0.0134
   -0.0122
   -0.0107
  -0.00903
  -0.00719
  -0.00536
   -0.0037
  -0.00233
  -0.00134
  -0.00072
 -0.000394
 -0.000274
 -0.000202
 -5.65e-05
 -1.15e-05
 -2.31e-06
 -4.57e-07
 -8.76e-08
 -1.55e-08
 -2.01e-09
      19.3
      19.3
 -2.15e-09
 -1.66e-08
 -9.37e-08
 -4.89e-07
 -2.47e-06
 -1.23e-05
 -6.05e-05
 -0.000216
 -0.000293
 -0.000421
 -0.000769
  -0.00143
  -0.00249
  -0.00394
  -0.00571
  -0.00766
  -0.00962
   -0.0114
    -0.013
   -0.0142
   -0.0151
   -0.0156
   -0.0159
    -0.016
   -0.0158
   -0.0156
   -0.0154
   -0.0152
    -0.015
   -0.0148
   -0.0147
   -0.0147
   -0.0147
   -0.0148
    -0.015
   -0.0152
   -0.0154
   -0.0156
   -0.0158
    -0.016
   -0.0159
   -0.0156
   -0.0151
   -0.0142
    -0.013
   -0.0114
  -0.00962
  -0.00766
  -0.00571
  -0.00394
  -0.00249
  -0.00143
 -0.000769
 -0.000421
 -0.000293
 -0.000216
 -6.05e-05
 -1.23e-05
 -2.47e-06
 -4.89e-07
 -9.37e-08
 -1.66e-08
 -2.15e-09
      19.3
      19.3
 -2.34e-09
 -1.81e-08
 -1.02e-07
 -5.34e-07
  -2.7e-06
 -1.34e-05
 -6.61e-05
 -0.000236
  -0.00032
 -0.000459
 -0.000837
  -0.00156
  -0.00271
  -0.00429
  -0.00621
  -0.00833
   -0.0105
   -0.0124
   -0.0141
   -0.0155
   -0.0164
    -0.017
   -0.0173
   -0.0174
   -0.0173
   -0.0171
   -0.0168
   -0.0166
   -0.0164
   -0.0162
   -0.0161
   -0.0161
   -0.0161
   -0.0162
   -0.0164
   -0.0166
   -0.0168
   -0.0171
   -0.0173
   -0.0174
   -0.0173
    -0.017
   -0.0164
   -0.0155
   -0.0141
   -0.0124
   -0.0105
  -0.00833
  -0.00621
  -0.00429
  -0.00271
  -0.00156
 -0.000837
 -0.000459
  -0.00032
 -0.000236
 -6.61e-05
 -1.34e-05
  -2.7e-06
 -5.34e-07
 -1.02e-07
 -1.81e-08
 -2.34e-09
      19.3
      19.3
 -2.63e-09
 -2.03e-08
 -1.15e-07
    -6e-07
 -3.04e-06
 -1.51e-05
 -7.44e-05
 -0.000266
  -0.00036
 -0.000514
 -0.000935
  -0.00174
  -0.00302
  -0.00479
  -0.00694
  -0.00931
   -0.0117
   -0.0139
   -0.0158
   -0.0173
   -0.0184
   -0.0191
   -0.0194
   -0.0195
   -0.0194
   -0.0192
   -0.0189
   -0.0187
   -0.0184
   -0.0182
   -0.0181
   -0.0181
   -0.0181
   -0.0182
   -0.0184
   -0.0187
   -0.0189
   -0.0192
   -0.0194
   -0.0195
   -0.0194
   -0.0191
   -0.0184
   -0.0173
   -0.0158
   -0.0139
   -0.0117
  -0.00931
  -0.00694
  -0.00479
  -0.00302
  -0.00174
 -0.000935
 -0.000514
  -0.00036
 -0.000266
 -7.44e-05
 -1.51e-05
 -3.04e-06
    -6e-07
 -1.15e-07
 -2.03e-08
 -2.63e-09
      19.3
      19.3
 -3.07e-09
 -2.37e-08
 -1.34e-07
 -7.03e-07
 -3.56e-06
 -1.77e-05
 -8.74e-05
 -0.000312
 -0.000422
 -0.000601
  -0.00109
  -0.00203
  -0.00352
  -0.00558
  -0.00809
   -0.0108
   -0.0136
   -0.0162
   -0.0184
   -0.0202
   -0.0214
   -0.0223
   -0.0227
   -0.0228
   -0.0227
   -0.0225
   -0.0222
   -0.0219
   -0.0216
   -0.0214
   -0.0213
   -0.0213
   -0.0213
   -0.0214
   -0.0216
   -0.0219
   -0.0222
   -0.0225
   -0.0227
   -0.0228
   -0.0227
   -0.0223
   -0.0214
   -0.0202
   -0.0184
   -0.0162
   -0.0136
   -0.0108
  -0.00809
  -0.00558
  -0.00352
  -0.00203
  -0.00109
 -0.000601
 -0.000422
 -0.000312
 -8.74e-05
 -1.77e-05
 -3.56e-06
 -7.03e-07
 -1.34e-07
 -2.37e-08
 -3.07e-09
      19.3
      19.3
 -3.81e-09
 -2.95e-08
 -1.67e-07
 -8.78e-07
 -4.45e-06
 -2.22e-05
 -0.000109
 -0.000391
 -0.000528
 -0.000748
  -0.00135
  -0.00251
  -0.00437
  -0.00693
     -0.01
   -0.0135
   -0.0169
   -0.0201
   -0.0229
   -0.0251
   -0.0267
   -0.0277
   -0.0283
   -0.0284
   -0.0283
   -0.0281
   -0.0278
   -0.0274
   -0.0271
   -0.0269
   -0.0268
   -0.0267
   -0.0268
   -0.0269
   -0.0271
   -0.0274
   -0.0278
   -0.0281
   -0.0283
   -0.0284
   -0.0283
   -0.0277
   -0.0267
   -0.0251
   -0.0229
   -0.0201
   -0.0169
   -0.0135
     -0.01
  -0.00693
  -0.00437
  -0.00251
  -0.00135
 -0.000748
 -0.000528
 -0.000391
 -0.000109
 -2.22e-05
 -4.45e-06
 -8.78e-07
 -1.67e-07
 -2.95e-08
 -3.81e-09
      19.3
      19.3
 -5.14e-09
 -3.97e-08
 -2.25e-07
 -1.18e-06
    -6e-06
 -2.99e-05
 -0.000148
 -0.000529
    0.0389
    0.0337
    0.0329
    0.0314
    0.0289
    0.0255
    0.0213
    0.0168
    0.0122
   0.00796
   0.00428
   0.00134
 -0.000815
  -0.00223
  -0.00301
  -0.00329
  -0.00322
  -0.00294
  -0.00255
  -0.00215
  -0.00179
  -0.00151
  -0.00134
  -0.00128
  -0.00134
  -0.00151
  -0.00179
  -0.00215
  -0.00255
  -0.00294
  -0.00322
  -0.00329
  -0.00301
  -0.00223
 -0.000815
   0.00134
   0.00428
   0.00796
    0.0122
    0.0168
    0.0213
    0.0255
    0.0289
    0.0314
    0.0329
    0.0337
    0.0389
 -0.000529
 -0.000148
 -2.99e-05
    -6e-06
 -1.18e-06
 -2.25e-07
 -3.97e-08
 -5.14e-09
      19.3
      19.3
 -6.28e-09
 -4.85e-08
 -2.75e-07
 -1.44e-06
 -7.31e-06
 -3.65e-05
  -0.00018
 -0.000645
    0.0388
    0.0335
    0.0325
    0.0306
    0.0277
    0.0236
    0.0186
    0.0131
   0.00765
   0.00253
   -0.0019
  -0.00545
  -0.00808
  -0.00983
   -0.0108
   -0.0112
   -0.0112
   -0.0109
   -0.0105
   -0.0101
  -0.00966
  -0.00936
  -0.00917
   -0.0091
  -0.00917
  -0.00936
  -0.00966
   -0.0101
   -0.0105
   -0.0109
   -0.0112
   -0.0112
   -0.0108
  -0.00983
  -0.00808
  -0.00545
   -0.0019
   0.00253
   0.00765
    0.0131
    0.0186
    0.0236
    0.0277
    0.0306
    0.0325
    0.0335
    0.0388
 -0.000645
  -0.00018
 -3.65e-05
 -7.31e-06
 -1.44e-06
 -2.75e-07
 -4.85e-08
 -6.28e-09
      19.3
      19.3
 -7.21e-09
 -5.53e-08
 -3.12e-07
 -1.63e-06
 -8.26e-06
 -4.12e-05
 -0.000203
 -0.000727
    0.0387
    0.0333
    0.0322
    0.0301
    0.0268
    0.0223
    0.0168
    0.0108
   0.00477
 -0.000879
  -0.00578
  -0.00973
   -0.0127
   -0.0147
   -0.0158
   -0.0163
   -0.0164
   -0.0161
   -0.0157
   -0.0153
   -0.0149
   -0.0146
   -0.0144
   -0.0143
   -0.0144
   -0.0146
   -0.0149
   -0.0153
   -0.0157
   -0.0161
   -0.0164
   -0.0163
   -0.0158
   -0.0147
   -0.0127
  -0.00973
  -0.00578
 -0.000879
   0.00477
    0.0108
    0.0168
    0.0223
    0.0268
    0.0301
    0.0322
    0.0333
    0.0387
 -0.000727
 -0.000203
 -4.12e-05
 -8.26e-06
 -1.63e-06
 -3.12e-07
 -5.53e-08
 -7.21e-09
      19.3
      19.3
 -8.03e-09
  -6.1e-08
 -3.41e-07
 -1.77e-06
 -8.95e-06
 -4.45e-05
 -0.000219
 -0.000784
    0.0386
    0.0332
     0.032
    0.0297
    0.0262
    0.0215
    0.0158
   0.00951
   0.00318
  -0.00274
  -0.00789
   -0.0121
   -0.0152
   -0.0173
   -0.0186
   -0.0192
   -0.0193
   -0.0191
   -0.0188
   -0.0184
    -0.018
   -0.0177
   -0.0175
   -0.0174
   -0.0175
   -0.0177
    -0.018
   -0.0184
   -0.0188
   -0.0191
   -0.0193
   -0.0192
   -0.0186
   -0.0173
   -0.0152
   -0.0121
  -0.00789
  -0.00274
   0.00318
   0.00951
    0.0158
    0.0215
    0.0262
    0.0297
     0.032
    0.0332
    0.0386
 -0.000784
 -0.000219
 -4.45e-05
 -8.95e-06
 -1.77e-06
 -3.41e-07
  -6.1e-08
 -8.03e-09
      19.3
      19.3
 -8.76e-09
 -6.58e-08
 -3.64e-07
 -1.88e-06
 -9.48e-06
  -4.7e-05
 -0.000231
 -0.000825
    0.0385
    0.0331
    0.0317
    0.0294
    0.0258
     0.021
    0.0152
   0.00886
   0.00245
  -0.00355
  -0.00879
   -0.0131
   -0.0163
   -0.0185
   -0.0199
   -0.0206
   -0.0208
   -0.0207
   -0.0204
     -0.02
   -0.0196
   -0.0194
   -0.0192
   -0.0191
   -0.0192
   -0.0194
   -0.0196
     -0.02
   -0.0204
   -0.0207
   -0.0208
   -0.0206
   -0.0199
   -0.0185
   -0.0163
   -0.0131
  -0.00879
  -0.00355
   0.00245
   0.00886
    0.0152
     0.021
    0.0258
    0.0294
    0.0317
    0.0331
    0.0385
 -0.000825
 -0.000231
  -4.7e-05
 -9.48e-06
 -1.88e-06
 -3.64e-07
 -6.58e-08
 -8.76e-09
      19.3
         0
 -9.26e-09
 -6.93e-08
 -3.82e-07
 -1.97e-06
 -9.88e-06
 -4.89e-05
  -0.00024
 -0.000855
    0.0384
    0.0329
    0.0315
    0.0291
    0.0255
    0.0207
    0.0149
   0.00863
   0.00227
  -0.00371
  -0.00895
   -0.0132
   -0.0165
   -0.0188
   -0.0203
    -0.021
   -0.0213
   -0.0212
    -0.021
   -0.0207
   -0.0204
   -0.0201
     -0.02
   -0.0199
     -0.02
   -0.0201
   -0.0204
   -0.0207
    -0.021
   -0.0212
   -0.0213
    -0.021
   -0.0203
   -0.0188
   -0.0165
   -0.0132
  -0.00895
  -0.00371
   0.00227
   0.00863
    0.0149
    0.0207
    0.0255
    0.0291
    0.0315
    0.0329
    0.0384
 -0.000855
  -0.00024
 -4.89e-05
 -9.88e-06
 -1.97e-06
 -3.82e-07
 -6.93e-08
 -9.26e-09
         0
         0
 -9.76e-09
 -7.26e-08
 -3.98e-07
 -2.04e-06
 -1.02e-05
 -5.04e-05
 -0.000247
 -0.000878
    0.0384
    0.0328
    0.0313
    0.0289
    0.0253
    0.0205
    0.0148
   0.00864
   0.00239
   -0.0035
  -0.00868
   -0.0129
   -0.0162
   -0.0186
   -0.0201
   -0.0209
   -0.0212
   -0.0213
   -0.0211
   -0.0208
   -0.0205
   -0.0203
   -0.0202
   -0.0201
   -0.0202
   -0.0203
   -0.0205
   -0.0208
   -0.0211
   -0.0213
   -0.0212
   -0.0209
   -0.0201
   -0.0186
   -0.0162
   -0.0129
  -0.00868
   -0.0035
   0.00239
   0.00864
    0.0148
    0.0205
    0.0253
    0.0289
    0.0313
    0.0328
    0.0384
 -0.000878
 -0.000247
 -5.04e-05
 -1.02e-05
 -2.04e-06
 -3.98e-07
 -7.26e-08
 -9.76e-09
         0
         0
 -1.02e-08
 -7.55e-08
 -4.11e-07
  -2.1e-06
 -1.05e-05
 -5.17e-05
 -0.000253
 -0.000897
    0.0384
    0.0327
    0.0312
    0.0287
    0.0251
    0.0204
    0.0148
   0.00877
   0.00266
  -0.00311
   -0.0082
   -0.0124
   -0.0157
   -0.0181
   -0.0196
   -0.0205
   -0.0209
    -0.021
   -0.0209
   -0.0206
   -0.0204
   -0.0202
   -0.0201
   -0.0201
   -0.0201
   -0.0202
   -0.0204
   -0.0206
   -0.0209
    -0.021
   -0.0209
   -0.0205
   -0.0196
   -0.0181
   -0.0157
   -0.0124
   -0.0082
  -0.00311
   0.00266
   0.00877
    0.0148
    0.0204
    0.0251
    0.0287
    0.0312
    0.0327
    0.0384
 -0.000897
 -0.000253
 -5.17e-05
 -1.05e-05
  -2.1e-06
 -4.11e-07
 -7.55e-08
 -1.02e-08
         0
         0
 -1.06e-08
 -7.81e-08
 -4.23e-07
 -2.15e-06
 -1.07e-05
 -5.26e-05
 -0.000257
 -0.000911
    0.0383
    0.0326
     0.031
    0.0285
    0.0249
    0.0203
    0.0149
   0.00895
   0.00298
  -0.00266
  -0.00766
   -0.0118
   -0.0151
   -0.0174
    -0.019
     -0.02
   -0.0204
   -0.0206
   -0.0205
   -0.0203
   -0.0201
     -0.02
   -0.0199
   -0.0198
   -0.0199
     -0.02
   -0.0201
   -0.0203
   -0.0205
   -0.0206
   -0.0204
     -0.02
    -0.019
   -0.0174
   -0.0151
   -0.0118
  -0.00766
  -0.00266
   0.00298
   0.00895
    0.0149
    0.0203
    0.0249
    0.0285
     0.031
    0.0326
    0.0383
 -0.000911
 -0.000257
 -5.26e-05
 -1.07e-05
 -2.15e-06
 -4.23e-07
 -7.81e-08
 -1.06e-08
         0
         0
  -1.1e-08
 -8.02e-08
 -4.33e-07
 -2.19e-06
 -1.09e-05
 -5.34e-05
 -0.000261
 -0.000922
    0.0383
    0.0325
    0.0309
    0.0283
    0.0248
    0.0203
    0.0149
   0.00915
   0.00331
  -0.00221
  -0.00712
   -0.0112
   -0.0145
   -0.0168
   -0.0184
   -0.0194
   -0.0199
   -0.0201
   -0.0201
     -0.02
   -0.0198
   -0.0197
   -0.0196
   -0.0196
   -0.0196
   -0.0197
   -0.0198
     -0.02
   -0.0201
   -0.0201
   -0.0199
   -0.0194
   -0.0184
   -0.0168
   -0.0145
   -0.0112
  -0.00712
  -0.00221
   0.00331
   0.00915
    0.0149
    0.0203
    0.0248
    0.0283
    0.0309
    0.0325
    0.0383
 -0.000922
 -0.000261
 -5.34e-05
 -1.09e-05
 -2.19e-06
 -4.33e-07
 -8.02e-08
  -1.1e-08
         0
         0
 -1.13e-08
  -8.2e-08
 -4.41e-07
 -2.23e-06
  -1.1e-05
  -5.4e-05
 -0.000263
  -0.00093
    0.0383
    0.0325
    0.0308
    0.0282
    0.0247
    0.0202
     0.015
   0.00933
   0.00362
   -0.0018
  -0.00662
   -0.0107
   -0.0139
   -0.0163
   -0.0179
   -0.0189
   -0.0195
   -0.0197
   -0.0197
   -0.0196
   -0.0195
   -0.0194
   -0.0193
   -0.0193
   -0.0193
   -0.0194
   -0.0195
   -0.0196
   -0.0197
   -0.0197
   -0.0195
   -0.0189
   -0.0179
   -0.0163
   -0.0139
   -0.0107
  -0.00662
   -0.0018
   0.00362
   0.00933
     0.015
    0.0202
    0.0247
    0.0282
    0.0308
    0.0325
    0.0383
  -0.00093
 -0.000263
  -5.4e-05
  -1.1e-05
 -2.23e-06
 -4.41e-07
  -8.2e-08
 -1.13e-08
         0
         0
 -1.15e-08
 -8.35e-08
 -4.47e-07
 -2.25e-06
 -1.11e-05
 -5.45e-05
 -0.000265
 -0.000937
    0.0382
    0.0324
    0.0307
    0.0281
    0.0246
    0.0202
    0.0151
    0.0095
   0.00388
  -0.00144
  -0.00619
   -0.0102
   -0.0134
   -0.0158
   -0.0174
   -0.0185
   -0.0191
   -0.0193
   -0.0194
   -0.0193
   -0.0192
   -0.0191
    -0.019
    -0.019
    -0.019
   -0.0191
   -0.0192
   -0.0193
   -0.0194
   -0.0193
   -0.0191
   -0.0185
   -0.0174
   -0.0158
   -0.0134
   -0.0102
  -0.00619
  -0.00144
   0.00388
    0.0095
    0.0151
    0.0202
    0.0246
    0.0281
    0.0307
    0.0324
    0.0382
 -0.000937
 -0.000265
 -5.45e-05
 -1.11e-05
 -2.25e-06
 -4.47e-07
 -8.35e-08
 -1.15e-08
         0
         0
 -1.17e-08
 -8.47e-08
 -4.52e-07
 -2.27e-06
 -1.12e-05
 -5.49e-05
 -0.000267
 -0.000942
    0.0382
    0.0324
    0.0306
    0.0281
    0.0246
    0.0202
    0.0151
   0.00964
   0.00411
  -0.00113
  -0.00582
  -0.00979
    -0.013
   -0.0153
    -0.017
   -0.0181
   -0.0187
    -0.019
   -0.0191
    -0.019
   -0.0189
   -0.0189
   -0.0188
   -0.0188
   -0.0188
   -0.0189
   -0.0189
    -0.019
   -0.0191
    -0.019
   -0.0187
   -0.0181
    -0.017
   -0.0153
    -0.013
  -0.00979
  -0.00582
  -0.00113
   0.00411
   0.00964
    0.0151
    0.0202
    0.0246
    0.0281
    0.0306
    0.0324
    0.0382
 -0.000942
 -0.000267
 -5.49e-05
 -1.12e-05
 -2.27e-06
 -4.52e-07
 -8.47e-08
 -1.17e-08
         0
         0
 -1.18e-08
 -8.56e-08
 -4.56e-07
 -2.29e-06
 -1.13e-05
 -5.52e-05
 -0.000268
 -0.000945
    0.0382
    0.0324
    0.0306
     0.028
    0.0245
    0.0202
    0.0152
   0.00976
   0.00431
 -0.000875
  -0.00552
  -0.00945
   -0.0126
    -0.015
   -0.0167
   -0.0177
   -0.0184
   -0.0187
   -0.0188
   -0.0188
   -0.0187
   -0.0186
   -0.0186
   -0.0186
   -0.0186
   -0.0186
   -0.0187
   -0.0188
   -0.0188
   -0.0187
   -0.0184
   -0.0177
   -0.0167
    -0.015
   -0.0126
  -0.00945
  -0.00552
 -0.000875
   0.00431
   0.00976
    0.0152
    0.0202
    0.0245
     0.028
    0.0306
    0.0324
    0.0382
 -0.000945
 -0.000268
 -5.52e-05
 -1.13e-05
 -2.29e-06
 -4.56e-07
 -8.56e-08
 -1.18e-08
         0
         0
  -1.2e-08
 -8.63e-08
  -4.6e-07
  -2.3e-06
 -1.13e-05
 -5.54e-05
 -0.000269
 -0.000948
    0.0382
    0.0323
    0.0305
     0.028
    0.0245
    0.0202
    0.0152
   0.00986
   0.00446
 -0.000667
  -0.00527
  -0.00918
   -0.0123
   -0.0147
   -0.0164
   -0.0175
   -0.0181
   -0.0185
   -0.0186
   -0.0186
   -0.0185
   -0.0185
   -0.0184
   -0.0184
   -0.0184
   -0.0185
   -0.0185
   -0.0186
   -0.0186
   -0.0185
   -0.0181
   -0.0175
   -0.0164
   -0.0147
   -0.0123
  -0.00918
  -0.00527
 -0.000667
   0.00446
   0.00986
    0.0152
    0.0202
    0.0245
     0.028
    0.0305
    0.0323
    0.0382
 -0.000948
 -0.000269
 -5.54e-05
 -1.13e-05
  -2.3e-06
  -4.6e-07
 -8.63e-08
  -1.2e-08
         0
         0
  -1.2e-08
 -8.68e-08
 -4.62e-07
 -2.31e-06
 -1.14e-05
 -5.56e-05
  -0.00027
  -0.00095
    0.0382
    0.0323
    0.0305
    0.0279
    0.0245
    0.0202
    0.0152
   0.00994
   0.00459
 -0.000501
  -0.00507
  -0.00896
   -0.0121
   -0.0145
   -0.0161
   -0.0173
   -0.0179
   -0.0183
   -0.0184
   -0.0184
   -0.0184
   -0.0183
   -0.0183
   -0.0182
   -0.0183
   -0.0183
   -0.0184
   -0.0184
   -0.0184
   -0.0183
   -0.0179
   -0.0173
   -0.0161
   -0.0145
   -0.0121
  -0.00896
  -0.00507
 -0.000501
   0.00459
   0.00994
    0.0152
    0.0202
    0.0245
    0.0279
    0.0305
    0.0323
    0.0382
  -0.00095
  -0.00027
 -5.56e-05
 -1.14e-05
 -2.31e-06
 -4.62e-07
 -8.68e-08
  -1.2e-08
         0
         0
 -1.21e-08
 -8.72e-08
 -4.63e-07
 -2.32e-06
 -1.14e-05
 -5.57e-05
  -0.00027
 -0.000951
    0.0382
    0.0323
    0.0305
    0.0279
    0.0244
    0.0202
    0.0153
      0.01
   0.00469
 -0.000372
  -0.00492
  -0.00879
   -0.0119
   -0.0143
    -0.016
   -0.0171
   -0.0178
   -0.0181
   -0.0182
   -0.0183
   -0.0182
   -0.0182
   -0.0181
   -0.0181
   -0.0181
   -0.0182
   -0.0182
   -0.0183
   -0.0182
   -0.0181
   -0.0178
   -0.0171
    -0.016
   -0.0143
   -0.0119
  -0.00879
  -0.00492
 -0.000372
   0.00469
      0.01
    0.0153
    0.0202
    0.0244
    0.0279
    0.0305
    0.0323
    0.0382
 -0.000951
  -0.00027
 -5.57e-05
 -1.14e-05
 -2.32e-06
 -4.63e-07
 -8.72e-08
 -1.21e-08
         0
         0
 -1.21e-08
 -8.74e-08
 -4.64e-07
 -2.32e-06
 -1.14e-05
 -5.57e-05
  -0.00027
 -0.000951
    0.0382
    0.0323
    0.0305
    0.0279
    0.0244
    0.0202
    0.0153
    0.0101
   0.00476
 -0.000276
   -0.0048
  -0.00866
   -0.0118
   -0.0141
   -0.0158
   -0.0169
   -0.0176
    -0.018
   -0.0181
   -0.0181
   -0.0181
    -0.018
    -0.018
    -0.018
    -0.018
    -0.018
   -0.0181
   -0.0181
   -0.0181
    -0.018
   -0.0176
   -0.0169
   -0.0158
   -0.0141
   -0.0118
  -0.00866
   -0.0048
 -0.000276
   0.00476
    0.0101
    0.0153
    0.0202
    0.0244
    0.0279
    0.0305
    0.0323
    0.0382
 -0.000951
  -0.00027
 -5.57e-05
 -1.14e-05
 -2.32e-06
 -4.64e-07
 -8.74e-08
 -1.21e-08
         0
         0
 -1.21e-08
 -8.75e-08
 -4.64e-07
 -2.32e-06
 -1.14e-05
 -5.57e-05
  -0.00027
  -0.00095
    0.0382
    0.0323
    0.0305
    0.0279
    0.0244
    0.0202
    0.0153
    0.0101
   0.00481
  -0.00021
  -0.00473
  -0.00857
   -0.0117
    -0.014
   -0.0157
   -0.0168
   -0.0175
   -0.0179
    -0.018
    -0.018
    -0.018
   -0.0179
   -0.0179
   -0.0178
   -0.0179
   -0.0179
    -0.018
    -0.018
    -0.018
   -0.0179
   -0.0175
   -0.0168
   -0.0157
    -0.014
   -0.0117
  -0.00857
  -0.00473
  -0.00021
   0.00481
    0.0101
    0.0153
    0.0202
    0.0244
    0.0279
    0.0305
    0.0323
    0.0382
  -0.00095
  -0.00027
 -5.57e-05
 -1.14e-05
 -2.32e-06
 -4.64e-07
 -8.75e-08
 -1.21e-08
         0
         0
 -1.21e-08
 -8.73e-08
 -4.64e-07
 -2.32e-06
 -1.14e-05
 -5.55e-05
 -0.000269
 -0.000948
    0.0382
    0.0323
    0.0305
    0.0279
    0.0245
    0.0202
    0.0153
    0.0101
   0.00484
 -0.000174
  -0.00469
  -0.00853
   -0.0116
    -0.014
   -0.0156
   -0.0168
   -0.0174
   -0.0178
   -0.0179
   -0.0179
   -0.0178
   -0.0178
   -0.0177
   -0.0177
   -0.0177
   -0.0178
   -0.0178
   -0.0179
   -0.0179
   -0.0178
   -0.0174
   -0.0168
   -0.0156
    -0.014
   -0.0116
  -0.00853
  -0.00469
 -0.000174
   0.00484
    0.0101
    0.0153
    0.0202
    0.0245
    0.0279
    0.0305
    0.0323
    0.0382
 -0.000948
 -0.000269
 -5.55e-05
 -1.14e-05
 -2.32e-06
 -4.64e-07
 -8.73e-08
 -1.21e-08
         0
         0
 -1.21e-08
  -8.7e-08
 -4.62e-07
 -2.31e-06
 -1.13e-05
 -5.53e-05
 -0.000268
 -0.000944
    0.0382
    0.0323
    0.0305
    0.0279
    0.0245
    0.0202
    0.0154
    0.0101
   0.00485
 -0.000172
  -0.00469
  -0.00853
   -0.0116
    -0.014
   -0.0156
   -0.0167
   -0.0173
   -0.0176
   -0.0177
   -0.0177
   -0.0176
   -0.0176
   -0.0175
   -0.0175
   -0.0175
   -0.0176
   -0.0176
   -0.0177
   -0.0177
   -0.0176
   -0.0173
   -0.0167
   -0.0156
    -0.014
   -0.0116
  -0.00853
  -0.00469
 -0.000172
   0.00485
    0.0101
    0.0154
    0.0202
    0.0245
    0.0279
    0.0305
    0.0323
    0.0382
 -0.000944
 -0.000268
 -5.53e-05
 -1.13e-05
 -2.31e-06
 -4.62e-07
  -8.7e-08
 -1.21e-08
         0
         0
  -1.2e-08
 -8.63e-08
 -4.58e-07
 -2.29e-06
 -1.13e-05
 -5.49e-05
 -0.000266
 -0.000938
    0.0382
    0.0323
    0.0305
    0.0279
    0.0245
    0.0203
    0.0154
    0.0101
   0.00482
 -0.000218
  -0.00474
  -0.00859
   -0.0117
    -0.014
   -0.0156
   -0.0167
   -0.0172
   -0.0175
   -0.0176
   -0.0175
   -0.0174
   -0.0173
   -0.0172
   -0.0172
   -0.0172
   -0.0173
   -0.0174
   -0.0175
   -0.0176
   -0.0175
   -0.0172
   -0.0167
   -0.0156
    -0.014
   -0.0117
  -0.00859
  -0.00474
 -0.000218
   0.00482
    0.0101
    0.0154
    0.0203
    0.0245
    0.0279
    0.0305
    0.0323
    0.0382
 -0.000938
 -0.000266
 -5.49e-05
 -1.13e-05
 -2.29e-06
 -4.58e-07
 -8.63e-08
  -1.2e-08
         0
         0
 -1.18e-08
 -8.53e-08
 -4.53e-07
 -2.26e-06
 -1.11e-05
 -5.43e-05
 -0.000263
 -0.000928
    0.0382
    0.0323
    0.0306
     0.028
    0.0245
    0.0203
    0.0154
    0.0101
   0.00474
 -0.000334
  -0.00489
  -0.00873
   -0.0118
   -0.0141
   -0.0157
   -0.0166
   -0.0172
   -0.0174
   -0.0173
   -0.0172
    -0.017
   -0.0169
   -0.0168
   -0.0168
   -0.0168
   -0.0169
    -0.017
   -0.0172
   -0.0173
   -0.0174
   -0.0172
   -0.0166
   -0.0157
   -0.0141
   -0.0118
  -0.00873
  -0.00489
 -0.000334
   0.00474
    0.0101
    0.0154
    0.0203
    0.0245
     0.028
    0.0306
    0.0323
    0.0382
 -0.000928
 -0.000263
 -5.43e-05
 -1.11e-05
 -2.26e-06
 -4.53e-07
 -8.53e-08
 -1.18e-08
         0
      10.2
      10.2
      10.2
      10.2
      10.2
      10.2
      10.2
      10.2
      10.2
      10.2
      10.1
      9.91
      9.68
      9.42
      9.13
      8.83
      8.53
      8.24
      7.97
      7.73
       7.5
       7.3
      7.11
      6.95
      6.81
      6.69
      6.58
      6.49
      6.41
      6.36
      6.32
      6.29
      6.28
      6.29
      6.32
      6.36
      6.41
      6.49
      6.58
      6.69
      6.81
      6.95
      7.11
       7.3
       7.5
      7.73
      7.97
      8.24
      8.53
      8.83
      9.13
      9.42
      9.68
      9.91
      10.1
      10.2
      10.2
      10.2
      10.2
      10.2
      10.2
      10.2
      10.2
      10.2
      10.2
