      6.37
      6.37
      6.36
      6.36
      6.35
      6.34
      6.32
       6.3
      6.29
      6.28
       6.2
      6.03
      5.81
      5.55
      5.26
      4.96
      4.66
      4.37
      4.11
      3.86
      3.63
      3.43
      3.25
      3.08
      2.94
      2.82
      2.71
      2.62
      2.55
      2.49
      2.45
      2.42
      2.42
      2.42
      2.45
      2.49
      2.55
      2.62
      2.71
      2.82
      2.94
      3.08
      3.25
      3.43
      3.63
      3.86
      4.11
      4.37
      4.66
      4.96
      5.26
      5.55
      5.81
      6.03
       6.2
      6.28
      6.29
       6.3
      6.32
      6.34
      6.35
      6.36
      6.36
      6.37
      6.37
         0
 -9.69e-09
 -6.97e-08
  -3.7e-07
 -1.85e-06
  -9.1e-06
 -4.44e-05
 -0.000215
 -0.000798
    0.0306
    0.0265
    0.0251
     0.023
    0.0201
    0.0166
    0.0126
   0.00826
   0.00387
 -0.000308
  -0.00405
  -0.00721
  -0.00972
   -0.0116
   -0.0129
   -0.0136
   -0.0141
   -0.0142
   -0.0142
    -0.014
   -0.0139
   -0.0137
   -0.0137
   -0.0136
   -0.0137
   -0.0137
   -0.0139
    -0.014
   -0.0142
   -0.0142
   -0.0141
   -0.0136
   -0.0129
   -0.0116
  -0.00972
  -0.00721
  -0.00405
 -0.000308
   0.00387
   0.00826
    0.0126
    0.0166
    0.0201
     0.023
    0.0251
    0.0265
    0.0306
 -0.000798
 -0.000215
 -4.44e-05
  -9.1e-06
 -1.85e-06
  -3.7e-07
 -6.97e-08
 -9.69e-09
         0
         0
 -9.79e-09
 -7.04e-08
 -3.74e-07
 -1.87e-06
 -9.19e-06
 -4.48e-05
 -0.000217
 -0.000805
    0.0306
    0.0265
     0.025
    0.0229
    0.0201
    0.0166
    0.0126
    0.0083
   0.00394
  -0.00021
  -0.00393
  -0.00708
   -0.0096
   -0.0115
   -0.0128
   -0.0136
   -0.0141
   -0.0143
   -0.0143
   -0.0142
   -0.0141
    -0.014
    -0.014
   -0.0139
    -0.014
    -0.014
   -0.0141
   -0.0142
   -0.0143
   -0.0143
   -0.0141
   -0.0136
   -0.0128
   -0.0115
   -0.0096
  -0.00708
  -0.00393
  -0.00021
   0.00394
    0.0083
    0.0126
    0.0166
    0.0201
    0.0229
     0.025
    0.0265
    0.0306
 -0.000805
 -0.000217
 -4.48e-05
 -9.19e-06
 -1.87e-06
 -3.74e-07
 -7.04e-08
 -9.79e-09
         0
         0
 -9.86e-09
 -7.09e-08
 -3.77e-07
 -1.88e-06
 -9.25e-06
 -4.51e-05
 -0.000219
  -0.00081
    0.0306
    0.0265
     0.025
    0.0229
    0.0201
    0.0166
    0.0126
   0.00832
   0.00398
 -0.000155
  -0.00386
  -0.00701
  -0.00954
   -0.0114
   -0.0128
   -0.0137
   -0.0142
   -0.0144
   -0.0144
   -0.0144
   -0.0143
   -0.0142
   -0.0142
   -0.0142
   -0.0142
   -0.0142
   -0.0143
   -0.0144
   -0.0144
   -0.0144
   -0.0142
   -0.0137
   -0.0128
   -0.0114
  -0.00954
  -0.00701
  -0.00386
 -0.000155
   0.00398
   0.00832
    0.0126
    0.0166
    0.0201
    0.0229
     0.025
    0.0265
    0.0306
  -0.00081
 -0.000219
 -4.51e-05
 -9.25e-06
 -1.88e-06
 -3.77e-07
 -7.09e-08
 -9.86e-09
         0
         0
 -9.91e-09
 -7.13e-08
 -3.78e-07
 -1.89e-06
  -9.3e-06
 -4.53e-05
  -0.00022
 -0.000814
    0.0306
    0.0265
     0.025
    0.0229
    0.0201
    0.0166
    0.0126
   0.00832
   0.00399
 -0.000131
  -0.00383
  -0.00698
  -0.00951
   -0.0114
   -0.0128
   -0.0137
   -0.0142
   -0.0145
   -0.0145
   -0.0145
   -0.0145
   -0.0144
   -0.0143
   -0.0143
   -0.0143
   -0.0144
   -0.0145
   -0.0145
   -0.0145
   -0.0145
   -0.0142
   -0.0137
   -0.0128
   -0.0114
  -0.00951
  -0.00698
  -0.00383
 -0.000131
   0.00399
   0.00832
    0.0126
    0.0166
    0.0201
    0.0229
     0.025
    0.0265
    0.0306
 -0.000814
  -0.00022
 -4.53e-05
  -9.3e-06
 -1.89e-06
 -3.78e-07
 -7.13e-08
 -9.91e-09
         0
         0
 -9.94e-09
 -7.15e-08
  -3.8e-07
  -1.9e-06
 -9.33e-06
 -4.55e-05
 -0.000221
 -0.000817
    0.0306
    0.0265
     0.025
    0.0229
    0.0201
    0.0166
    0.0126
   0.00832
   0.00399
 -0.000127
  -0.00383
  -0.00698
  -0.00951
   -0.0114
   -0.0128
   -0.0137
   -0.0143
   -0.0145
   -0.0146
   -0.0146
   -0.0146
   -0.0145
   -0.0145
   -0.0145
   -0.0145
   -0.0145
   -0.0146
   -0.0146
   -0.0146
   -0.0145
   -0.0143
   -0.0137
   -0.0128
   -0.0114
  -0.00951
  -0.00698
  -0.00383
 -0.000127
   0.00399
   0.00832
    0.0126
    0.0166
    0.0201
    0.0229
     0.025
    0.0265
    0.0306
 -0.000817
 -0.000221
 -4.55e-05
 -9.33e-06
  -1.9e-06
  -3.8e-07
 -7.15e-08
 -9.94e-09
         0
         0
 -9.95e-09
 -7.16e-08
  -3.8e-07
  -1.9e-06
 -9.35e-06
 -4.56e-05
 -0.000221
 -0.000818
    0.0306
    0.0265
     0.025
    0.0229
    0.0201
    0.0166
    0.0126
   0.00831
   0.00398
 -0.000139
  -0.00384
  -0.00699
  -0.00953
   -0.0115
   -0.0128
   -0.0138
   -0.0143
   -0.0146
   -0.0147
   -0.0147
   -0.0147
   -0.0146
   -0.0146
   -0.0146
   -0.0146
   -0.0146
   -0.0147
   -0.0147
   -0.0147
   -0.0146
   -0.0143
   -0.0138
   -0.0128
   -0.0115
  -0.00953
  -0.00699
  -0.00384
 -0.000139
   0.00398
   0.00831
    0.0126
    0.0166
    0.0201
    0.0229
     0.025
    0.0265
    0.0306
 -0.000818
 -0.000221
 -4.56e-05
 -9.35e-06
  -1.9e-06
  -3.8e-07
 -7.16e-08
 -9.95e-09
         0
         0
 -9.95e-09
 -7.17e-08
 -3.81e-07
  -1.9e-06
 -9.36e-06
 -4.56e-05
 -0.000221
 -0.000819
    0.0306
    0.0265
     0.025
    0.0229
    0.0201
    0.0166
    0.0126
   0.00829
   0.00396
 -0.000164
  -0.00387
  -0.00703
  -0.00957
   -0.0115
   -0.0129
   -0.0138
   -0.0144
   -0.0147
   -0.0148
   -0.0148
   -0.0147
   -0.0147
   -0.0147
   -0.0146
   -0.0147
   -0.0147
   -0.0147
   -0.0148
   -0.0148
   -0.0147
   -0.0144
   -0.0138
   -0.0129
   -0.0115
  -0.00957
  -0.00703
  -0.00387
 -0.000164
   0.00396
   0.00829
    0.0126
    0.0166
    0.0201
    0.0229
     0.025
    0.0265
    0.0306
 -0.000819
 -0.000221
 -4.56e-05
 -9.36e-06
  -1.9e-06
 -3.81e-07
 -7.17e-08
 -9.95e-09
         0
         0
 -9.94e-09
 -7.16e-08
  -3.8e-07
  -1.9e-06
 -9.36e-06
 -4.56e-05
 -0.000221
 -0.000819
    0.0306
    0.0265
     0.025
    0.0229
    0.0201
    0.0166
    0.0126
   0.00827
   0.00393
 -0.000203
  -0.00392
  -0.00708
  -0.00963
   -0.0116
    -0.013
   -0.0139
   -0.0144
   -0.0147
   -0.0148
   -0.0149
   -0.0148
   -0.0148
   -0.0147
   -0.0147
   -0.0147
   -0.0148
   -0.0148
   -0.0149
   -0.0148
   -0.0147
   -0.0144
   -0.0139
    -0.013
   -0.0116
  -0.00963
  -0.00708
  -0.00392
 -0.000203
   0.00393
   0.00827
    0.0126
    0.0166
    0.0201
    0.0229
     0.025
    0.0265
    0.0306
 -0.000819
 -0.000221
 -4.56e-05
 -9.36e-06
  -1.9e-06
  -3.8e-07
 -7.16e-08
 -9.94e-09
         0
         0
 -9.92e-09
 -7.15e-08
  -3.8e-07
  -1.9e-06
 -9.35e-06
 -4.56e-05
 -0.000221
 -0.000819
    0.0306
    0.0265
     0.025
    0.0229
    0.0201
    0.0166
    0.0126
   0.00825
   0.00389
 -0.000255
  -0.00398
  -0.00715
   -0.0097
   -0.0116
    -0.013
    -0.014
   -0.0145
   -0.0148
   -0.0149
   -0.0149
   -0.0149
   -0.0148
   -0.0148
   -0.0148
   -0.0148
   -0.0148
   -0.0149
   -0.0149
   -0.0149
   -0.0148
   -0.0145
    -0.014
    -0.013
   -0.0116
   -0.0097
  -0.00715
  -0.00398
 -0.000255
   0.00389
   0.00825
    0.0126
    0.0166
    0.0201
    0.0229
     0.025
    0.0265
    0.0306
 -0.000819
 -0.000221
 -4.56e-05
 -9.35e-06
  -1.9e-06
  -3.8e-07
 -7.15e-08
 -9.92e-09
         0
         0
 -9.88e-09
 -7.13e-08
 -3.79e-07
  -1.9e-06
 -9.34e-06
 -4.56e-05
 -0.000221
 -0.000819
    0.0306
    0.0265
     0.025
    0.0229
    0.0201
    0.0166
    0.0126
   0.00821
   0.00384
 -0.000321
  -0.00406
  -0.00724
   -0.0098
   -0.0117
   -0.0131
    -0.014
   -0.0146
   -0.0149
    -0.015
    -0.015
    -0.015
   -0.0149
   -0.0149
   -0.0149
   -0.0149
   -0.0149
    -0.015
    -0.015
    -0.015
   -0.0149
   -0.0146
    -0.014
   -0.0131
   -0.0117
   -0.0098
  -0.00724
  -0.00406
 -0.000321
   0.00384
   0.00821
    0.0126
    0.0166
    0.0201
    0.0229
     0.025
    0.0265
    0.0306
 -0.000819
 -0.000221
 -4.56e-05
 -9.34e-06
  -1.9e-06
 -3.79e-07
 -7.13e-08
 -9.88e-09
         0
         0
 -9.84e-09
  -7.1e-08
 -3.78e-07
 -1.89e-06
 -9.32e-06
 -4.55e-05
 -0.000221
 -0.000818
    0.0306
    0.0265
     0.025
    0.0229
    0.0201
    0.0166
    0.0125
   0.00818
   0.00378
 -0.000402
  -0.00416
  -0.00735
  -0.00991
   -0.0119
   -0.0132
   -0.0142
   -0.0147
    -0.015
   -0.0151
   -0.0151
   -0.0151
    -0.015
    -0.015
   -0.0149
    -0.015
    -0.015
   -0.0151
   -0.0151
   -0.0151
    -0.015
   -0.0147
   -0.0142
   -0.0132
   -0.0119
  -0.00991
  -0.00735
  -0.00416
 -0.000402
   0.00378
   0.00818
    0.0125
    0.0166
    0.0201
    0.0229
     0.025
    0.0265
    0.0306
 -0.000818
 -0.000221
 -4.55e-05
 -9.32e-06
 -1.89e-06
 -3.78e-07
  -7.1e-08
 -9.84e-09
         0
         0
 -9.78e-09
 -7.06e-08
 -3.76e-07
 -1.89e-06
 -9.29e-06
 -4.54e-05
  -0.00022
 -0.000816
    0.0306
    0.0265
    0.0251
     0.023
    0.0201
    0.0166
    0.0125
   0.00813
   0.00371
 -0.000499
  -0.00427
  -0.00748
     -0.01
    -0.012
   -0.0134
   -0.0143
   -0.0148
   -0.0151
   -0.0152
   -0.0152
   -0.0151
   -0.0151
   -0.0151
    -0.015
   -0.0151
   -0.0151
   -0.0151
   -0.0152
   -0.0152
   -0.0151
   -0.0148
   -0.0143
   -0.0134
    -0.012
     -0.01
  -0.00748
  -0.00427
 -0.000499
   0.00371
   0.00813
    0.0125
    0.0166
    0.0201
     0.023
    0.0251
    0.0265
    0.0306
 -0.000816
  -0.00022
 -4.54e-05
 -9.29e-06
 -1.89e-06
 -3.76e-07
 -7.06e-08
 -9.78e-09
         0
         0
 -9.71e-09
 -7.02e-08
 -3.74e-07
 -1.88e-06
 -9.25e-06
 -4.52e-05
  -0.00022
 -0.000814
    0.0306
    0.0265
    0.0251
     0.023
    0.0201
    0.0166
    0.0125
   0.00808
   0.00362
 -0.000614
  -0.00441
  -0.00763
   -0.0102
   -0.0122
   -0.0135
   -0.0144
    -0.015
   -0.0152
   -0.0153
   -0.0153
   -0.0153
   -0.0152
   -0.0152
   -0.0151
   -0.0152
   -0.0152
   -0.0153
   -0.0153
   -0.0153
   -0.0152
    -0.015
   -0.0144
   -0.0135
   -0.0122
   -0.0102
  -0.00763
  -0.00441
 -0.000614
   0.00362
   0.00808
    0.0125
    0.0166
    0.0201
     0.023
    0.0251
    0.0265
    0.0306
 -0.000814
  -0.00022
 -4.52e-05
 -9.25e-06
 -1.88e-06
 -3.74e-07
 -7.02e-08
 -9.71e-09
         0
         0
 -9.62e-09
 -6.96e-08
 -3.72e-07
 -1.87e-06
 -9.21e-06
  -4.5e-05
 -0.000219
 -0.000812
    0.0306
    0.0266
    0.0251
     0.023
    0.0202
    0.0166
    0.0125
   0.00802
   0.00352
 -0.000749
  -0.00458
  -0.00781
   -0.0104
   -0.0124
   -0.0137
   -0.0146
   -0.0151
   -0.0154
   -0.0155
   -0.0154
   -0.0154
   -0.0153
   -0.0153
   -0.0152
   -0.0153
   -0.0153
   -0.0154
   -0.0154
   -0.0155
   -0.0154
   -0.0151
   -0.0146
   -0.0137
   -0.0124
   -0.0104
  -0.00781
  -0.00458
 -0.000749
   0.00352
   0.00802
    0.0125
    0.0166
    0.0202
     0.023
    0.0251
    0.0266
    0.0306
 -0.000812
 -0.000219
  -4.5e-05
 -9.21e-06
 -1.87e-06
 -3.72e-07
 -6.96e-08
 -9.62e-09
         0
         0
 -9.51e-09
 -6.89e-08
 -3.69e-07
 -1.85e-06
 -9.16e-06
 -4.48e-05
 -0.000218
 -0.000809
    0.0306
    0.0266
    0.0252
    0.0231
    0.0202
    0.0166
    0.0125
   0.00795
   0.00341
 -0.000906
  -0.00477
  -0.00803
   -0.0106
   -0.0126
   -0.0139
   -0.0148
   -0.0153
   -0.0156
   -0.0156
   -0.0156
   -0.0155
   -0.0154
   -0.0154
   -0.0154
   -0.0154
   -0.0154
   -0.0155
   -0.0156
   -0.0156
   -0.0156
   -0.0153
   -0.0148
   -0.0139
   -0.0126
   -0.0106
  -0.00803
  -0.00477
 -0.000906
   0.00341
   0.00795
    0.0125
    0.0166
    0.0202
    0.0231
    0.0252
    0.0266
    0.0306
 -0.000809
 -0.000218
 -4.48e-05
 -9.16e-06
 -1.85e-06
 -3.69e-07
 -6.89e-08
 -9.51e-09
         0
         0
 -9.38e-09
 -6.81e-08
 -3.65e-07
 -1.84e-06
  -9.1e-06
 -4.46e-05
 -0.000217
 -0.000805
    0.0306
    0.0266
    0.0252
    0.0231
    0.0203
    0.0166
    0.0124
   0.00787
   0.00327
  -0.00109
  -0.00498
  -0.00827
   -0.0109
   -0.0128
   -0.0142
   -0.0151
   -0.0155
   -0.0158
   -0.0158
   -0.0158
   -0.0157
   -0.0156
   -0.0155
   -0.0155
   -0.0155
   -0.0156
   -0.0157
   -0.0158
   -0.0158
   -0.0158
   -0.0155
   -0.0151
   -0.0142
   -0.0128
   -0.0109
  -0.00827
  -0.00498
  -0.00109
   0.00327
   0.00787
    0.0124
    0.0166
    0.0203
    0.0231
    0.0252
    0.0266
    0.0306
 -0.000805
 -0.000217
 -4.46e-05
  -9.1e-06
 -1.84e-06
 -3.65e-07
 -6.81e-08
 -9.38e-09
         0
         0
 -9.23e-09
 -6.72e-08
 -3.61e-07
 -1.82e-06
 -9.02e-06
 -4.42e-05
 -0.000215
   -0.0008
    0.0306
    0.0266
    0.0253
    0.0232
    0.0203
    0.0167
    0.0124
   0.00778
   0.00312
  -0.00129
  -0.00523
  -0.00855
   -0.0112
   -0.0131
   -0.0145
   -0.0153
   -0.0158
    -0.016
    -0.016
   -0.0159
   -0.0158
   -0.0157
   -0.0157
   -0.0157
   -0.0157
   -0.0157
   -0.0158
   -0.0159
    -0.016
    -0.016
   -0.0158
   -0.0153
   -0.0145
   -0.0131
   -0.0112
  -0.00855
  -0.00523
  -0.00129
   0.00312
   0.00778
    0.0124
    0.0167
    0.0203
    0.0232
    0.0253
    0.0266
    0.0306
   -0.0008
 -0.000215
 -4.42e-05
 -9.02e-06
 -1.82e-06
 -3.61e-07
 -6.72e-08
 -9.23e-09
         0
         0
 -9.05e-09
 -6.61e-08
 -3.56e-07
  -1.8e-06
 -8.93e-06
 -4.39e-05
 -0.000214
 -0.000795
    0.0306
    0.0267
    0.0253
    0.0233
    0.0204
    0.0167
    0.0124
   0.00769
   0.00295
  -0.00152
  -0.00551
  -0.00886
   -0.0115
   -0.0135
   -0.0148
   -0.0156
   -0.0161
   -0.0162
   -0.0162
   -0.0161
    -0.016
   -0.0159
   -0.0159
   -0.0158
   -0.0159
   -0.0159
    -0.016
   -0.0161
   -0.0162
   -0.0162
   -0.0161
   -0.0156
   -0.0148
   -0.0135
   -0.0115
  -0.00886
  -0.00551
  -0.00152
   0.00295
   0.00769
    0.0124
    0.0167
    0.0204
    0.0233
    0.0253
    0.0267
    0.0306
 -0.000795
 -0.000214
 -4.39e-05
 -8.93e-06
  -1.8e-06
 -3.56e-07
 -6.61e-08
 -9.05e-09
         0
         0
 -8.85e-09
 -6.48e-08
  -3.5e-07
 -1.78e-06
 -8.83e-06
 -4.34e-05
 -0.000212
 -0.000789
    0.0306
    0.0267
    0.0254
    0.0233
    0.0204
    0.0167
    0.0123
   0.00758
   0.00277
  -0.00178
  -0.00583
  -0.00921
   -0.0119
   -0.0138
   -0.0151
   -0.0159
   -0.0163
   -0.0165
   -0.0165
   -0.0164
   -0.0162
   -0.0161
    -0.016
    -0.016
    -0.016
   -0.0161
   -0.0162
   -0.0164
   -0.0165
   -0.0165
   -0.0163
   -0.0159
   -0.0151
   -0.0138
   -0.0119
  -0.00921
  -0.00583
  -0.00178
   0.00277
   0.00758
    0.0123
    0.0167
    0.0204
    0.0233
    0.0254
    0.0267
    0.0306
 -0.000789
 -0.000212
 -4.34e-05
 -8.83e-06
 -1.78e-06
  -3.5e-07
 -6.48e-08
 -8.85e-09
         0
         0
 -8.61e-09
 -6.33e-08
 -3.43e-07
 -1.75e-06
 -8.71e-06
 -4.29e-05
  -0.00021
 -0.000781
    0.0307
    0.0268
    0.0255
    0.0234
    0.0205
    0.0168
    0.0123
   0.00746
   0.00257
  -0.00206
  -0.00616
  -0.00958
   -0.0123
   -0.0142
   -0.0155
   -0.0163
   -0.0167
   -0.0168
   -0.0167
   -0.0166
   -0.0164
   -0.0163
   -0.0162
   -0.0162
   -0.0162
   -0.0163
   -0.0164
   -0.0166
   -0.0167
   -0.0168
   -0.0167
   -0.0163
   -0.0155
   -0.0142
   -0.0123
  -0.00958
  -0.00616
  -0.00206
   0.00257
   0.00746
    0.0123
    0.0168
    0.0205
    0.0234
    0.0255
    0.0268
    0.0307
 -0.000781
  -0.00021
 -4.29e-05
 -8.71e-06
 -1.75e-06
 -3.43e-07
 -6.33e-08
 -8.61e-09
         0
         0
 -8.33e-09
 -6.15e-08
 -3.36e-07
 -1.71e-06
 -8.56e-06
 -4.22e-05
 -0.000207
 -0.000772
    0.0307
    0.0268
    0.0256
    0.0236
    0.0206
    0.0168
    0.0123
   0.00735
   0.00235
  -0.00236
  -0.00652
  -0.00998
   -0.0127
   -0.0146
   -0.0159
   -0.0166
    -0.017
   -0.0171
    -0.017
   -0.0168
   -0.0166
   -0.0165
   -0.0164
   -0.0164
   -0.0164
   -0.0165
   -0.0166
   -0.0168
    -0.017
   -0.0171
    -0.017
   -0.0166
   -0.0159
   -0.0146
   -0.0127
  -0.00998
  -0.00652
  -0.00236
   0.00235
   0.00735
    0.0123
    0.0168
    0.0206
    0.0236
    0.0256
    0.0268
    0.0307
 -0.000772
 -0.000207
 -4.22e-05
 -8.56e-06
 -1.71e-06
 -3.36e-07
 -6.15e-08
 -8.33e-09
         0
         0
 -8.02e-09
 -5.96e-08
 -3.27e-07
 -1.68e-06
  -8.4e-06
 -4.15e-05
 -0.000204
 -0.000761
    0.0307
    0.0269
    0.0257
    0.0237
    0.0208
    0.0169
    0.0123
   0.00723
   0.00214
  -0.00265
  -0.00688
   -0.0104
   -0.0131
    -0.015
   -0.0163
    -0.017
   -0.0173
   -0.0173
   -0.0172
    -0.017
   -0.0168
   -0.0166
   -0.0165
   -0.0165
   -0.0165
   -0.0166
   -0.0168
    -0.017
   -0.0172
   -0.0173
   -0.0173
    -0.017
   -0.0163
    -0.015
   -0.0131
   -0.0104
  -0.00688
  -0.00265
   0.00214
   0.00723
    0.0123
    0.0169
    0.0208
    0.0237
    0.0257
    0.0269
    0.0307
 -0.000761
 -0.000204
 -4.15e-05
  -8.4e-06
 -1.68e-06
 -3.27e-07
 -5.96e-08
 -8.02e-09
         0
         0
 -7.67e-09
 -5.74e-08
 -3.17e-07
 -1.63e-06
 -8.21e-06
 -4.07e-05
   -0.0002
 -0.000748
    0.0307
     0.027
    0.0258
    0.0238
    0.0209
     0.017
    0.0123
   0.00714
   0.00195
  -0.00293
  -0.00723
   -0.0108
   -0.0135
   -0.0154
   -0.0166
   -0.0173
   -0.0175
   -0.0175
   -0.0174
   -0.0172
   -0.0169
   -0.0168
   -0.0166
   -0.0166
   -0.0166
   -0.0168
   -0.0169
   -0.0172
   -0.0174
   -0.0175
   -0.0175
   -0.0173
   -0.0166
   -0.0154
   -0.0135
   -0.0108
  -0.00723
  -0.00293
   0.00195
   0.00714
    0.0123
     0.017
    0.0209
    0.0238
    0.0258
     0.027
    0.0307
 -0.000748
   -0.0002
 -4.07e-05
 -8.21e-06
 -1.63e-06
 -3.17e-07
 -5.74e-08
 -7.67e-09
         0
         0
 -7.29e-09
  -5.5e-08
 -3.06e-07
 -1.59e-06
 -7.99e-06
 -3.97e-05
 -0.000195
 -0.000732
    0.0308
    0.0271
    0.0259
     0.024
    0.0211
    0.0171
    0.0123
   0.00708
    0.0018
  -0.00316
  -0.00751
   -0.0111
   -0.0138
   -0.0157
   -0.0169
   -0.0175
   -0.0177
   -0.0177
   -0.0175
   -0.0172
    -0.017
   -0.0168
   -0.0166
   -0.0166
   -0.0166
   -0.0168
    -0.017
   -0.0172
   -0.0175
   -0.0177
   -0.0177
   -0.0175
   -0.0169
   -0.0157
   -0.0138
   -0.0111
  -0.00751
  -0.00316
    0.0018
   0.00708
    0.0123
    0.0171
    0.0211
     0.024
    0.0259
    0.0271
    0.0308
 -0.000732
 -0.000195
 -3.97e-05
 -7.99e-06
 -1.59e-06
 -3.06e-07
  -5.5e-08
 -7.29e-09
         0
         0
  -6.9e-09
 -5.25e-08
 -2.94e-07
 -1.53e-06
 -7.75e-06
 -3.86e-05
  -0.00019
 -0.000715
    0.0308
    0.0271
    0.0261
    0.0242
    0.0212
    0.0172
    0.0124
   0.00708
   0.00173
   -0.0033
  -0.00768
   -0.0113
    -0.014
   -0.0158
    -0.017
   -0.0176
   -0.0177
   -0.0176
   -0.0174
   -0.0171
   -0.0168
   -0.0166
   -0.0165
   -0.0164
   -0.0165
   -0.0166
   -0.0168
   -0.0171
   -0.0174
   -0.0176
   -0.0177
   -0.0176
    -0.017
   -0.0158
    -0.014
   -0.0113
  -0.00768
   -0.0033
   0.00173
   0.00708
    0.0124
    0.0172
    0.0212
    0.0242
    0.0261
    0.0271
    0.0308
 -0.000715
  -0.00019
 -3.86e-05
 -7.75e-06
 -1.53e-06
 -2.94e-07
 -5.25e-08
  -6.9e-09
         0
      19.3
 -6.51e-09
 -4.98e-08
 -2.81e-07
 -1.47e-06
 -7.47e-06
 -3.73e-05
 -0.000184
 -0.000694
    0.0308
    0.0272
    0.0262
    0.0244
    0.0214
    0.0174
    0.0125
   0.00719
   0.00179
  -0.00326
  -0.00766
   -0.0112
   -0.0139
   -0.0157
   -0.0168
   -0.0174
   -0.0175
   -0.0173
   -0.0171
   -0.0167
   -0.0164
   -0.0162
    -0.016
    -0.016
    -0.016
   -0.0162
   -0.0164
   -0.0167
   -0.0171
   -0.0173
   -0.0175
   -0.0174
   -0.0168
   -0.0157
   -0.0139
   -0.0112
  -0.00766
  -0.00326
   0.00179
   0.00719
    0.0125
    0.0174
    0.0214
    0.0244
    0.0262
    0.0272
    0.0308
 -0.000694
 -0.000184
 -3.73e-05
 -7.47e-06
 -1.47e-06
 -2.81e-07
 -4.98e-08
 -6.51e-09
      19.3
      19.3
    -6e-09
 -4.66e-08
 -2.66e-07
  -1.4e-06
 -7.16e-06
 -3.59e-05
 -0.000178
 -0.000669
    0.0309
    0.0273
    0.0264
    0.0246
    0.0217
    0.0177
    0.0128
   0.00746
   0.00206
  -0.00297
  -0.00734
   -0.0109
   -0.0135
   -0.0153
   -0.0163
   -0.0168
   -0.0169
   -0.0167
   -0.0164
    -0.016
   -0.0157
   -0.0154
   -0.0153
   -0.0152
   -0.0153
   -0.0154
   -0.0157
    -0.016
   -0.0164
   -0.0167
   -0.0169
   -0.0168
   -0.0163
   -0.0153
   -0.0135
   -0.0109
  -0.00734
  -0.00297
   0.00206
   0.00746
    0.0128
    0.0177
    0.0217
    0.0246
    0.0264
    0.0273
    0.0309
 -0.000669
 -0.000178
 -3.59e-05
 -7.16e-06
  -1.4e-06
 -2.66e-07
 -4.66e-08
    -6e-09
      19.3
      19.3
 -5.47e-09
 -4.31e-08
 -2.49e-07
 -1.32e-06
 -6.79e-06
 -3.41e-05
 -0.000169
  -0.00064
    0.0309
    0.0274
    0.0265
    0.0248
    0.0219
     0.018
    0.0132
   0.00795
   0.00264
  -0.00232
   -0.0066
     -0.01
   -0.0126
   -0.0143
   -0.0153
   -0.0157
   -0.0157
   -0.0155
   -0.0151
   -0.0148
   -0.0144
   -0.0141
    -0.014
   -0.0139
    -0.014
   -0.0141
   -0.0144
   -0.0148
   -0.0151
   -0.0155
   -0.0157
   -0.0157
   -0.0153
   -0.0143
   -0.0126
     -0.01
   -0.0066
  -0.00232
   0.00264
   0.00795
    0.0132
     0.018
    0.0219
    0.0248
    0.0265
    0.0274
    0.0309
  -0.00064
 -0.000169
 -3.41e-05
 -6.79e-06
 -1.32e-06
 -2.49e-07
 -4.31e-08
 -5.47e-09
      19.3
      19.3
 -4.94e-09
 -3.95e-08
  -2.3e-07
 -1.23e-06
 -6.36e-06
  -3.2e-05
 -0.000159
 -0.000602
     0.031
    0.0275
    0.0267
     0.025
    0.0223
    0.0185
    0.0139
   0.00877
   0.00363
  -0.00115
  -0.00527
  -0.00858
    -0.011
   -0.0126
   -0.0135
   -0.0139
   -0.0139
   -0.0136
   -0.0132
   -0.0128
   -0.0124
   -0.0122
    -0.012
   -0.0119
    -0.012
   -0.0122
   -0.0124
   -0.0128
   -0.0132
   -0.0136
   -0.0139
   -0.0139
   -0.0135
   -0.0126
    -0.011
  -0.00858
  -0.00527
  -0.00115
   0.00363
   0.00877
    0.0139
    0.0185
    0.0223
     0.025
    0.0267
    0.0275
     0.031
 -0.000602
 -0.000159
  -3.2e-05
 -6.36e-06
 -1.23e-06
  -2.3e-07
 -3.95e-08
 -4.94e-09
      19.3
      19.3
 -4.42e-09
 -3.56e-08
  -2.1e-07
 -1.13e-06
 -5.83e-06
 -2.94e-05
 -0.000147
 -0.000555
    0.0311
    0.0276
    0.0268
    0.0253
    0.0227
    0.0192
    0.0148
      0.01
   0.00518
  0.000689
  -0.00318
  -0.00626
  -0.00852
  -0.00999
   -0.0108
   -0.0111
    -0.011
   -0.0107
   -0.0103
  -0.00994
  -0.00958
  -0.00931
  -0.00913
  -0.00908
  -0.00913
  -0.00931
  -0.00958
  -0.00994
   -0.0103
   -0.0107
    -0.011
   -0.0111
   -0.0108
  -0.00999
  -0.00852
  -0.00626
  -0.00318
  0.000689
   0.00518
      0.01
    0.0148
    0.0192
    0.0227
    0.0253
    0.0268
    0.0276
    0.0311
 -0.000555
 -0.000147
 -2.94e-05
 -5.83e-06
 -1.13e-06
  -2.1e-07
 -3.56e-08
 -4.42e-09
      19.3
      19.3
 -3.87e-09
 -3.14e-08
 -1.86e-07
    -1e-06
 -5.19e-06
 -2.62e-05
 -0.000131
 -0.000495
    0.0311
    0.0277
     0.027
    0.0256
    0.0233
    0.0201
    0.0161
    0.0118
   0.00742
   0.00335
 -0.000139
  -0.00291
  -0.00493
  -0.00623
  -0.00693
  -0.00716
  -0.00706
  -0.00676
  -0.00637
  -0.00598
  -0.00563
  -0.00536
   -0.0052
  -0.00514
   -0.0052
  -0.00536
  -0.00563
  -0.00598
  -0.00637
  -0.00676
  -0.00706
  -0.00716
  -0.00693
  -0.00623
  -0.00493
  -0.00291
 -0.000139
   0.00335
   0.00742
    0.0118
    0.0161
    0.0201
    0.0233
    0.0256
     0.027
    0.0277
    0.0311
 -0.000495
 -0.000131
 -2.62e-05
 -5.19e-06
    -1e-06
 -1.86e-07
 -3.14e-08
 -3.87e-09
      19.3
      19.3
 -3.25e-09
 -2.65e-08
 -1.57e-07
 -8.49e-07
  -4.4e-06
 -2.22e-05
 -0.000111
 -0.000419
    0.0312
    0.0278
    0.0272
    0.0261
    0.0241
    0.0213
    0.0179
    0.0142
    0.0104
   0.00694
   0.00396
   0.00159
 -0.000114
   -0.0012
  -0.00177
  -0.00193
  -0.00182
  -0.00153
  -0.00117
 -0.000811
 -0.000493
 -0.000251
   -0.0001
 -4.94e-05
   -0.0001
 -0.000251
 -0.000493
 -0.000811
  -0.00117
  -0.00153
  -0.00182
  -0.00193
  -0.00177
   -0.0012
 -0.000114
   0.00159
   0.00396
   0.00694
    0.0104
    0.0142
    0.0179
    0.0213
    0.0241
    0.0261
    0.0272
    0.0278
    0.0312
 -0.000419
 -0.000111
 -2.22e-05
  -4.4e-06
 -8.49e-07
 -1.57e-07
 -2.65e-08
 -3.25e-09
      19.3
      19.3
 -2.59e-09
 -2.11e-08
 -1.25e-07
 -6.78e-07
 -3.51e-06
 -1.77e-05
 -8.83e-05
 -0.000334
 -0.000401
 -0.000543
 -0.000997
  -0.00195
  -0.00354
  -0.00577
   -0.0085
   -0.0115
   -0.0145
   -0.0174
   -0.0198
   -0.0217
    -0.023
   -0.0239
   -0.0243
   -0.0244
   -0.0243
    -0.024
   -0.0237
   -0.0234
   -0.0231
   -0.0229
   -0.0228
   -0.0228
   -0.0228
   -0.0229
   -0.0231
   -0.0234
   -0.0237
    -0.024
   -0.0243
   -0.0244
   -0.0243
   -0.0239
    -0.023
   -0.0217
   -0.0198
   -0.0174
   -0.0145
   -0.0115
   -0.0085
  -0.00577
  -0.00354
  -0.00195
 -0.000997
 -0.000543
 -0.000401
 -0.000334
 -8.83e-05
 -1.77e-05
 -3.51e-06
 -6.78e-07
 -1.25e-07
 -2.11e-08
 -2.59e-09
      19.3
      19.3
 -2.17e-09
 -1.77e-08
 -1.05e-07
 -5.67e-07
 -2.93e-06
 -1.48e-05
 -7.37e-05
 -0.000279
 -0.000335
 -0.000456
  -0.00084
  -0.00164
  -0.00298
  -0.00485
  -0.00715
  -0.00968
   -0.0122
   -0.0146
   -0.0166
   -0.0182
   -0.0193
     -0.02
   -0.0204
   -0.0204
   -0.0203
   -0.0201
   -0.0198
   -0.0195
   -0.0193
   -0.0191
    -0.019
    -0.019
    -0.019
   -0.0191
   -0.0193
   -0.0195
   -0.0198
   -0.0201
   -0.0203
   -0.0204
   -0.0204
     -0.02
   -0.0193
   -0.0182
   -0.0166
   -0.0146
   -0.0122
  -0.00968
  -0.00715
  -0.00485
  -0.00298
  -0.00164
  -0.00084
 -0.000456
 -0.000335
 -0.000279
 -7.37e-05
 -1.48e-05
 -2.93e-06
 -5.67e-07
 -1.05e-07
 -1.77e-08
 -2.17e-09
      19.3
      19.3
  -1.9e-09
 -1.55e-08
 -9.15e-08
 -4.94e-07
 -2.55e-06
 -1.29e-05
 -6.41e-05
 -0.000242
 -0.000292
   -0.0004
 -0.000738
  -0.00144
  -0.00261
  -0.00425
  -0.00626
  -0.00848
   -0.0107
   -0.0128
   -0.0145
   -0.0159
   -0.0169
   -0.0175
   -0.0178
   -0.0178
   -0.0177
   -0.0175
   -0.0172
    -0.017
   -0.0168
   -0.0166
   -0.0165
   -0.0165
   -0.0165
   -0.0166
   -0.0168
    -0.017
   -0.0172
   -0.0175
   -0.0177
   -0.0178
   -0.0178
   -0.0175
   -0.0169
   -0.0159
   -0.0145
   -0.0128
   -0.0107
  -0.00848
  -0.00626
  -0.00425
  -0.00261
  -0.00144
 -0.000738
   -0.0004
 -0.000292
 -0.000242
 -6.41e-05
 -1.29e-05
 -2.55e-06
 -4.94e-07
 -9.15e-08
 -1.55e-08
  -1.9e-09
      19.3
      19.3
 -1.71e-09
 -1.39e-08
 -8.23e-08
 -4.43e-07
 -2.29e-06
 -1.15e-05
 -5.74e-05
 -0.000217
 -0.000262
 -0.000361
 -0.000667
   -0.0013
  -0.00235
  -0.00383
  -0.00564
  -0.00763
  -0.00964
   -0.0115
   -0.0131
   -0.0143
   -0.0152
   -0.0157
    -0.016
    -0.016
   -0.0159
   -0.0157
   -0.0154
   -0.0152
    -0.015
   -0.0148
   -0.0147
   -0.0147
   -0.0147
   -0.0148
    -0.015
   -0.0152
   -0.0154
   -0.0157
   -0.0159
    -0.016
    -0.016
   -0.0157
   -0.0152
   -0.0143
   -0.0131
   -0.0115
  -0.00964
  -0.00763
  -0.00564
  -0.00383
  -0.00235
   -0.0013
 -0.000667
 -0.000361
 -0.000262
 -0.000217
 -5.74e-05
 -1.15e-05
 -2.29e-06
 -4.43e-07
 -8.23e-08
 -1.39e-08
 -1.71e-09
      19.3
      19.3
 -1.58e-09
 -1.28e-08
 -7.56e-08
 -4.07e-07
  -2.1e-06
 -1.06e-05
 -5.26e-05
 -0.000199
 -0.000241
 -0.000333
 -0.000616
   -0.0012
  -0.00217
  -0.00352
  -0.00519
  -0.00702
  -0.00886
   -0.0106
    -0.012
   -0.0131
   -0.0139
   -0.0144
   -0.0146
   -0.0147
   -0.0145
   -0.0143
   -0.0141
   -0.0139
   -0.0137
   -0.0136
   -0.0135
   -0.0134
   -0.0135
   -0.0136
   -0.0137
   -0.0139
   -0.0141
   -0.0143
   -0.0145
   -0.0147
   -0.0146
   -0.0144
   -0.0139
   -0.0131
    -0.012
   -0.0106
  -0.00886
  -0.00702
  -0.00519
  -0.00352
  -0.00217
   -0.0012
 -0.000616
 -0.000333
 -0.000241
 -0.000199
 -5.26e-05
 -1.06e-05
  -2.1e-06
 -4.07e-07
 -7.56e-08
 -1.28e-08
 -1.58e-09
      19.3
      19.3
 -1.48e-09
  -1.2e-08
 -7.07e-08
  -3.8e-07
 -1.96e-06
 -9.86e-06
  -4.9e-05
 -0.000185
 -0.000225
 -0.000312
 -0.000578
  -0.00112
  -0.00203
   -0.0033
  -0.00485
  -0.00656
  -0.00827
  -0.00986
   -0.0112
   -0.0123
    -0.013
   -0.0135
   -0.0137
   -0.0137
   -0.0136
   -0.0134
   -0.0131
   -0.0129
   -0.0127
   -0.0126
   -0.0125
   -0.0125
   -0.0125
   -0.0126
   -0.0127
   -0.0129
   -0.0131
   -0.0134
   -0.0136
   -0.0137
   -0.0137
   -0.0135
    -0.013
   -0.0123
   -0.0112
  -0.00986
  -0.00827
  -0.00656
  -0.00485
   -0.0033
  -0.00203
  -0.00112
 -0.000578
 -0.000312
 -0.000225
 -0.000185
  -4.9e-05
 -9.86e-06
 -1.96e-06
  -3.8e-07
 -7.07e-08
  -1.2e-08
 -1.48e-09
      19.3
      19.3
 -1.41e-09
 -1.14e-08
  -6.7e-08
 -3.59e-07
 -1.85e-06
 -9.31e-06
 -4.62e-05
 -0.000175
 -0.000213
 -0.000296
 -0.000549
  -0.00107
  -0.00192
  -0.00312
  -0.00459
  -0.00621
  -0.00783
  -0.00933
   -0.0106
   -0.0116
   -0.0123
   -0.0127
   -0.0129
   -0.0129
   -0.0128
   -0.0126
   -0.0124
   -0.0122
    -0.012
   -0.0119
   -0.0118
   -0.0118
   -0.0118
   -0.0119
    -0.012
   -0.0122
   -0.0124
   -0.0126
   -0.0128
   -0.0129
   -0.0129
   -0.0127
   -0.0123
   -0.0116
   -0.0106
  -0.00933
  -0.00783
  -0.00621
  -0.00459
  -0.00312
  -0.00192
  -0.00107
 -0.000549
 -0.000296
 -0.000213
 -0.000175
 -4.62e-05
 -9.31e-06
 -1.85e-06
 -3.59e-07
  -6.7e-08
 -1.14e-08
 -1.41e-09
      19.3
      19.3
 -1.36e-09
 -1.09e-08
 -6.41e-08
 -3.44e-07
 -1.77e-06
 -8.89e-06
 -4.41e-05
 -0.000167
 -0.000203
 -0.000284
 -0.000527
  -0.00102
  -0.00184
  -0.00299
  -0.00439
  -0.00593
  -0.00748
  -0.00892
   -0.0101
   -0.0111
   -0.0117
   -0.0121
   -0.0123
   -0.0123
   -0.0122
    -0.012
   -0.0118
   -0.0116
   -0.0114
   -0.0113
   -0.0112
   -0.0112
   -0.0112
   -0.0113
   -0.0114
   -0.0116
   -0.0118
    -0.012
   -0.0122
   -0.0123
   -0.0123
   -0.0121
   -0.0117
   -0.0111
   -0.0101
  -0.00892
  -0.00748
  -0.00593
  -0.00439
  -0.00299
  -0.00184
  -0.00102
 -0.000527
 -0.000284
 -0.000203
 -0.000167
 -4.41e-05
 -8.89e-06
 -1.77e-06
 -3.44e-07
 -6.41e-08
 -1.09e-08
 -1.36e-09
      19.3
      19.3
 -1.31e-09
 -1.06e-08
 -6.19e-08
 -3.31e-07
  -1.7e-06
 -8.56e-06
 -4.25e-05
 -0.000161
 -0.000196
 -0.000275
  -0.00051
 -0.000988
  -0.00178
  -0.00288
  -0.00423
  -0.00572
  -0.00721
  -0.00859
  -0.00976
   -0.0107
   -0.0113
   -0.0117
   -0.0119
   -0.0119
   -0.0117
   -0.0116
   -0.0114
   -0.0112
    -0.011
   -0.0109
   -0.0108
   -0.0108
   -0.0108
   -0.0109
    -0.011
   -0.0112
   -0.0114
   -0.0116
   -0.0117
   -0.0119
   -0.0119
   -0.0117
   -0.0113
   -0.0107
  -0.00976
  -0.00859
  -0.00721
  -0.00572
  -0.00423
  -0.00288
  -0.00178
 -0.000988
  -0.00051
 -0.000275
 -0.000196
 -0.000161
 -4.25e-05
 -8.56e-06
  -1.7e-06
 -3.31e-07
 -6.19e-08
 -1.06e-08
 -1.31e-09
      19.3
      19.3
 -1.28e-09
 -1.03e-08
 -6.01e-08
 -3.22e-07
 -1.65e-06
  -8.3e-06
 -4.12e-05
 -0.000156
  -0.00019
 -0.000268
 -0.000496
 -0.000961
  -0.00173
   -0.0028
   -0.0041
  -0.00555
  -0.00699
  -0.00833
  -0.00947
   -0.0103
    -0.011
   -0.0113
   -0.0115
   -0.0115
   -0.0114
   -0.0112
    -0.011
   -0.0108
   -0.0107
   -0.0105
   -0.0105
   -0.0104
   -0.0105
   -0.0105
   -0.0107
   -0.0108
    -0.011
   -0.0112
   -0.0114
   -0.0115
   -0.0115
   -0.0113
    -0.011
   -0.0103
  -0.00947
  -0.00833
  -0.00699
  -0.00555
   -0.0041
   -0.0028
  -0.00173
 -0.000961
 -0.000496
 -0.000268
  -0.00019
 -0.000156
 -4.12e-05
  -8.3e-06
 -1.65e-06
 -3.22e-07
 -6.01e-08
 -1.03e-08
 -1.28e-09
      19.3
      19.3
 -1.25e-09
 -1.01e-08
 -5.87e-08
 -3.14e-07
 -1.61e-06
  -8.1e-06
 -4.02e-05
 -0.000152
 -0.000186
 -0.000262
 -0.000486
 -0.000939
  -0.00169
  -0.00273
    -0.004
  -0.00541
  -0.00682
  -0.00812
  -0.00923
   -0.0101
   -0.0107
    -0.011
   -0.0112
   -0.0112
   -0.0111
   -0.0109
   -0.0107
   -0.0105
   -0.0104
   -0.0103
   -0.0102
   -0.0102
   -0.0102
   -0.0103
   -0.0104
   -0.0105
   -0.0107
   -0.0109
   -0.0111
   -0.0112
   -0.0112
    -0.011
   -0.0107
   -0.0101
  -0.00923
  -0.00812
  -0.00682
  -0.00541
    -0.004
  -0.00273
  -0.00169
 -0.000939
 -0.000486
 -0.000262
 -0.000186
 -0.000152
 -4.02e-05
  -8.1e-06
 -1.61e-06
 -3.14e-07
 -5.87e-08
 -1.01e-08
 -1.25e-09
      19.3
      19.3
 -1.23e-09
 -9.87e-09
 -5.76e-08
 -3.08e-07
 -1.58e-06
 -7.93e-06
 -3.93e-05
 -0.000149
 -0.000182
 -0.000257
 -0.000477
 -0.000922
  -0.00165
  -0.00267
  -0.00392
   -0.0053
  -0.00668
  -0.00795
  -0.00904
  -0.00988
   -0.0105
   -0.0108
    -0.011
    -0.011
   -0.0108
   -0.0107
   -0.0105
   -0.0103
   -0.0101
     -0.01
  -0.00995
  -0.00993
  -0.00995
     -0.01
   -0.0101
   -0.0103
   -0.0105
   -0.0107
   -0.0108
    -0.011
    -0.011
   -0.0108
   -0.0105
  -0.00988
  -0.00904
  -0.00795
  -0.00668
   -0.0053
  -0.00392
  -0.00267
  -0.00165
 -0.000922
 -0.000477
 -0.000257
 -0.000182
 -0.000149
 -3.93e-05
 -7.93e-06
 -1.58e-06
 -3.08e-07
 -5.76e-08
 -9.87e-09
 -1.23e-09
      19.3
      19.3
 -1.22e-09
 -9.74e-09
 -5.68e-08
 -3.03e-07
 -1.55e-06
  -7.8e-06
 -3.87e-05
 -0.000146
 -0.000179
 -0.000254
  -0.00047
 -0.000908
  -0.00163
  -0.00263
  -0.00386
  -0.00521
  -0.00656
  -0.00782
  -0.00888
  -0.00971
   -0.0103
   -0.0106
   -0.0108
   -0.0108
   -0.0107
   -0.0105
   -0.0103
   -0.0101
  -0.00996
  -0.00985
  -0.00977
  -0.00975
  -0.00977
  -0.00985
  -0.00996
   -0.0101
   -0.0103
   -0.0105
   -0.0107
   -0.0108
   -0.0108
   -0.0106
   -0.0103
  -0.00971
  -0.00888
  -0.00782
  -0.00656
  -0.00521
  -0.00386
  -0.00263
  -0.00163
 -0.000908
  -0.00047
 -0.000254
 -0.000179
 -0.000146
 -3.87e-05
  -7.8e-06
 -1.55e-06
 -3.03e-07
 -5.68e-08
 -9.74e-09
 -1.22e-09
      19.3
      19.3
 -1.21e-09
 -9.63e-09
 -5.61e-08
 -2.99e-07
 -1.53e-06
 -7.69e-06
 -3.81e-05
 -0.000144
 -0.000177
 -0.000251
 -0.000465
 -0.000897
  -0.00161
  -0.00259
   -0.0038
  -0.00513
  -0.00647
   -0.0077
  -0.00875
  -0.00957
   -0.0101
   -0.0105
   -0.0106
   -0.0106
   -0.0105
   -0.0103
   -0.0101
  -0.00997
  -0.00982
   -0.0097
  -0.00963
   -0.0096
  -0.00963
   -0.0097
  -0.00982
  -0.00997
   -0.0101
   -0.0103
   -0.0105
   -0.0106
   -0.0106
   -0.0105
   -0.0101
  -0.00957
  -0.00875
   -0.0077
  -0.00647
  -0.00513
   -0.0038
  -0.00259
  -0.00161
 -0.000897
 -0.000465
 -0.000251
 -0.000177
 -0.000144
 -3.81e-05
 -7.69e-06
 -1.53e-06
 -2.99e-07
 -5.61e-08
 -9.63e-09
 -1.21e-09
      19.3
      19.3
  -1.2e-09
 -9.54e-09
 -5.55e-08
 -2.96e-07
 -1.52e-06
 -7.61e-06
 -3.77e-05
 -0.000142
 -0.000175
 -0.000248
  -0.00046
 -0.000887
  -0.00159
  -0.00256
  -0.00376
  -0.00507
  -0.00639
  -0.00761
  -0.00865
  -0.00945
     -0.01
   -0.0103
   -0.0105
   -0.0105
   -0.0104
   -0.0102
     -0.01
  -0.00985
  -0.00969
  -0.00958
  -0.00951
  -0.00948
  -0.00951
  -0.00958
  -0.00969
  -0.00985
     -0.01
   -0.0102
   -0.0104
   -0.0105
   -0.0105
   -0.0103
     -0.01
  -0.00945
  -0.00865
  -0.00761
  -0.00639
  -0.00507
  -0.00376
  -0.00256
  -0.00159
 -0.000887
  -0.00046
 -0.000248
 -0.000175
 -0.000142
 -3.77e-05
 -7.61e-06
 -1.52e-06
 -2.96e-07
 -5.55e-08
 -9.54e-09
  -1.2e-09
      19.3
      19.3
 -1.19e-09
 -9.47e-09
 -5.51e-08
 -2.93e-07
  -1.5e-06
 -7.54e-06
 -3.73e-05
 -0.000141
 -0.000173
 -0.000246
 -0.000457
  -0.00088
  -0.00157
  -0.00254
  -0.00372
  -0.00502
  -0.00633
  -0.00754
  -0.00856
  -0.00936
  -0.00992
   -0.0102
   -0.0104
   -0.0104
   -0.0103
   -0.0101
  -0.00992
  -0.00975
  -0.00959
  -0.00948
  -0.00941
  -0.00939
  -0.00941
  -0.00948
  -0.00959
  -0.00975
  -0.00992
   -0.0101
   -0.0103
   -0.0104
   -0.0104
   -0.0102
  -0.00992
  -0.00936
  -0.00856
  -0.00754
  -0.00633
  -0.00502
  -0.00372
  -0.00254
  -0.00157
  -0.00088
 -0.000457
 -0.000246
 -0.000173
 -0.000141
 -3.73e-05
 -7.54e-06
  -1.5e-06
 -2.93e-07
 -5.51e-08
 -9.47e-09
 -1.19e-09
      19.3
      19.3
 -1.18e-09
 -9.42e-09
 -5.47e-08
 -2.91e-07
 -1.49e-06
 -7.48e-06
 -3.71e-05
  -0.00014
 -0.000172
 -0.000245
 -0.000454
 -0.000874
  -0.00156
  -0.00252
  -0.00369
  -0.00498
  -0.00628
  -0.00748
  -0.00849
  -0.00928
  -0.00983
   -0.0102
   -0.0103
   -0.0103
   -0.0102
     -0.01
  -0.00984
  -0.00966
  -0.00951
   -0.0094
  -0.00933
  -0.00931
  -0.00933
   -0.0094
  -0.00951
  -0.00966
  -0.00984
     -0.01
   -0.0102
   -0.0103
   -0.0103
   -0.0102
  -0.00983
  -0.00928
  -0.00849
  -0.00748
  -0.00628
  -0.00498
  -0.00369
  -0.00252
  -0.00156
 -0.000874
 -0.000454
 -0.000245
 -0.000172
  -0.00014
 -3.71e-05
 -7.48e-06
 -1.49e-06
 -2.91e-07
 -5.47e-08
 -9.42e-09
 -1.18e-09
      19.3
      19.3
 -1.18e-09
 -9.38e-09
 -5.45e-08
  -2.9e-07
 -1.48e-06
 -7.43e-06
 -3.68e-05
 -0.000139
 -0.000171
 -0.000244
 -0.000452
 -0.000869
  -0.00155
   -0.0025
  -0.00367
  -0.00495
  -0.00624
  -0.00742
  -0.00843
  -0.00922
  -0.00976
   -0.0101
   -0.0102
   -0.0102
   -0.0101
  -0.00995
  -0.00977
   -0.0096
  -0.00945
  -0.00933
  -0.00926
  -0.00924
  -0.00926
  -0.00933
  -0.00945
   -0.0096
  -0.00977
  -0.00995
   -0.0101
   -0.0102
   -0.0102
   -0.0101
  -0.00976
  -0.00922
  -0.00843
  -0.00742
  -0.00624
  -0.00495
  -0.00367
   -0.0025
  -0.00155
 -0.000869
 -0.000452
 -0.000244
 -0.000171
 -0.000139
 -3.68e-05
 -7.43e-06
 -1.48e-06
  -2.9e-07
 -5.45e-08
 -9.38e-09
 -1.18e-09
      19.3
      19.3
 -1.18e-09
 -9.35e-09
 -5.42e-08
 -2.89e-07
 -1.48e-06
  -7.4e-06
 -3.66e-05
 -0.000138
  -0.00017
 -0.000243
  -0.00045
 -0.000866
  -0.00155
  -0.00249
  -0.00365
  -0.00492
   -0.0062
  -0.00738
  -0.00839
  -0.00917
  -0.00971
     -0.01
   -0.0102
   -0.0102
   -0.0101
  -0.00989
  -0.00971
  -0.00954
  -0.00939
  -0.00928
  -0.00921
  -0.00919
  -0.00921
  -0.00928
  -0.00939
  -0.00954
  -0.00971
  -0.00989
   -0.0101
   -0.0102
   -0.0102
     -0.01
  -0.00971
  -0.00917
  -0.00839
  -0.00738
   -0.0062
  -0.00492
  -0.00365
  -0.00249
  -0.00155
 -0.000866
  -0.00045
 -0.000243
  -0.00017
 -0.000138
 -3.66e-05
  -7.4e-06
 -1.48e-06
 -2.89e-07
 -5.42e-08
 -9.35e-09
 -1.18e-09
      19.3
      19.3
 -1.18e-09
 -9.33e-09
 -5.41e-08
 -2.88e-07
 -1.47e-06
 -7.37e-06
 -3.65e-05
 -0.000138
  -0.00017
 -0.000242
 -0.000449
 -0.000863
  -0.00154
  -0.00248
  -0.00363
   -0.0049
  -0.00617
  -0.00735
  -0.00835
  -0.00912
  -0.00966
  -0.00998
   -0.0101
   -0.0101
     -0.01
  -0.00985
  -0.00967
  -0.00949
  -0.00935
  -0.00923
  -0.00916
  -0.00914
  -0.00916
  -0.00923
  -0.00935
  -0.00949
  -0.00967
  -0.00985
     -0.01
   -0.0101
   -0.0101
  -0.00998
  -0.00966
  -0.00912
  -0.00835
  -0.00735
  -0.00617
   -0.0049
  -0.00363
  -0.00248
  -0.00154
 -0.000863
 -0.000449
 -0.000242
  -0.00017
 -0.000138
 -3.65e-05
 -7.37e-06
 -1.47e-06
 -2.88e-07
 -5.41e-08
 -9.33e-09
 -1.18e-09
      19.3
      19.3
 -1.17e-09
 -9.32e-09
  -5.4e-08
 -2.87e-07
 -1.47e-06
 -7.35e-06
 -3.64e-05
 -0.000137
 -0.000169
 -0.000242
 -0.000448
  -0.00086
  -0.00153
  -0.00247
  -0.00362
  -0.00488
  -0.00615
  -0.00732
  -0.00831
  -0.00908
  -0.00962
  -0.00994
   -0.0101
   -0.0101
  -0.00997
  -0.00981
  -0.00963
  -0.00946
  -0.00931
   -0.0092
  -0.00913
  -0.00911
  -0.00913
   -0.0092
  -0.00931
  -0.00946
  -0.00963
  -0.00981
  -0.00997
   -0.0101
   -0.0101
  -0.00994
  -0.00962
  -0.00908
  -0.00831
  -0.00732
  -0.00615
  -0.00488
  -0.00362
  -0.00247
  -0.00153
  -0.00086
 -0.000448
 -0.000242
 -0.000169
 -0.000137
 -3.64e-05
 -7.35e-06
 -1.47e-06
 -2.87e-07
  -5.4e-08
 -9.32e-09
 -1.17e-09
      19.3
      19.3
 -1.17e-09
 -9.31e-09
 -5.39e-08
 -2.86e-07
 -1.46e-06
 -7.33e-06
 -3.63e-05
 -0.000137
 -0.000169
 -0.000242
 -0.000448
 -0.000859
  -0.00153
  -0.00246
  -0.00361
  -0.00486
  -0.00613
  -0.00729
  -0.00828
  -0.00905
  -0.00959
  -0.00991
     -0.01
     -0.01
  -0.00993
  -0.00977
   -0.0096
  -0.00943
  -0.00928
  -0.00917
   -0.0091
  -0.00908
   -0.0091
  -0.00917
  -0.00928
  -0.00943
   -0.0096
  -0.00977
  -0.00993
     -0.01
     -0.01
  -0.00991
  -0.00959
  -0.00905
  -0.00828
  -0.00729
  -0.00613
  -0.00486
  -0.00361
  -0.00246
  -0.00153
 -0.000859
 -0.000448
 -0.000242
 -0.000169
 -0.000137
 -3.63e-05
 -7.33e-06
 -1.46e-06
 -2.86e-07
 -5.39e-08
 -9.31e-09
 -1.17e-09
      19.3
      19.3
 -1.18e-09
 -9.31e-09
 -5.39e-08
 -2.86e-07
 -1.46e-06
 -7.32e-06
 -3.62e-05
 -0.000137
 -0.000169
 -0.000241
 -0.000447
 -0.000857
  -0.00153
  -0.00246
   -0.0036
  -0.00485
  -0.00611
  -0.00727
  -0.00826
  -0.00903
  -0.00957
  -0.00988
     -0.01
     -0.01
  -0.00991
  -0.00975
  -0.00957
   -0.0094
  -0.00925
  -0.00914
  -0.00907
  -0.00905
  -0.00907
  -0.00914
  -0.00925
   -0.0094
  -0.00957
  -0.00975
  -0.00991
     -0.01
     -0.01
  -0.00988
  -0.00957
  -0.00903
  -0.00826
  -0.00727
  -0.00611
  -0.00485
   -0.0036
  -0.00246
  -0.00153
 -0.000857
 -0.000447
 -0.000241
 -0.000169
 -0.000137
 -3.62e-05
 -7.32e-06
 -1.46e-06
 -2.86e-07
 -5.39e-08
 -9.31e-09
 -1.18e-09
      19.3
      19.3
 -1.18e-09
 -9.31e-09
 -5.38e-08
 -2.86e-07
 -1.46e-06
 -7.31e-06
 -3.62e-05
 -0.000136
 -0.000168
 -0.000241
 -0.000447
 -0.000856
  -0.00152
  -0.00245
  -0.00359
  -0.00484
   -0.0061
  -0.00726
  -0.00824
  -0.00901
  -0.00954
  -0.00986
  -0.00999
  -0.00999
  -0.00988
  -0.00973
  -0.00955
  -0.00938
  -0.00923
  -0.00912
  -0.00906
  -0.00903
  -0.00906
  -0.00912
  -0.00923
  -0.00938
  -0.00955
  -0.00973
  -0.00988
  -0.00999
  -0.00999
  -0.00986
  -0.00954
  -0.00901
  -0.00824
  -0.00726
   -0.0061
  -0.00484
  -0.00359
  -0.00245
  -0.00152
 -0.000856
 -0.000447
 -0.000241
 -0.000168
 -0.000136
 -3.62e-05
 -7.31e-06
 -1.46e-06
 -2.86e-07
 -5.38e-08
 -9.31e-09
 -1.18e-09
      19.3
      19.3
 -1.18e-09
 -9.32e-09
 -5.38e-08
 -2.86e-07
 -1.46e-06
  -7.3e-06
 -3.61e-05
 -0.000136
 -0.000168
 -0.000241
 -0.000447
 -0.000856
  -0.00152
  -0.00245
  -0.00358
  -0.00483
  -0.00608
  -0.00724
  -0.00823
  -0.00899
  -0.00953
  -0.00984
  -0.00998
  -0.00997
  -0.00987
  -0.00971
  -0.00953
  -0.00936
  -0.00922
  -0.00911
  -0.00904
  -0.00902
  -0.00904
  -0.00911
  -0.00922
  -0.00936
  -0.00953
  -0.00971
  -0.00987
  -0.00997
  -0.00998
  -0.00984
  -0.00953
  -0.00899
  -0.00823
  -0.00724
  -0.00608
  -0.00483
  -0.00358
  -0.00245
  -0.00152
 -0.000856
 -0.000447
 -0.000241
 -0.000168
 -0.000136
 -3.61e-05
  -7.3e-06
 -1.46e-06
 -2.86e-07
 -5.38e-08
 -9.32e-09
 -1.18e-09
      19.3
      19.3
 -1.18e-09
 -9.33e-09
 -5.39e-08
 -2.86e-07
 -1.46e-06
  -7.3e-06
 -3.61e-05
 -0.000136
 -0.000168
 -0.000242
 -0.000447
 -0.000856
  -0.00152
  -0.00245
  -0.00358
  -0.00482
  -0.00608
  -0.00723
  -0.00821
  -0.00898
  -0.00951
  -0.00983
  -0.00996
  -0.00995
  -0.00985
   -0.0097
  -0.00952
  -0.00935
   -0.0092
  -0.00909
  -0.00903
    -0.009
  -0.00903
  -0.00909
   -0.0092
  -0.00935
  -0.00952
   -0.0097
  -0.00985
  -0.00995
  -0.00996
  -0.00983
  -0.00951
  -0.00898
  -0.00821
  -0.00723
  -0.00608
  -0.00482
  -0.00358
  -0.00245
  -0.00152
 -0.000856
 -0.000447
 -0.000242
 -0.000168
 -0.000136
 -3.61e-05
  -7.3e-06
 -1.46e-06
 -2.86e-07
 -5.39e-08
 -9.33e-09
 -1.18e-09
      19.3
      19.3
 -1.18e-09
 -9.34e-09
 -5.39e-08
 -2.86e-07
 -1.46e-06
  -7.3e-06
 -3.61e-05
 -0.000136
 -0.000168
 -0.000242
 -0.000448
 -0.000856
  -0.00152
  -0.00245
  -0.00357
  -0.00482
  -0.00607
  -0.00722
   -0.0082
  -0.00897
   -0.0095
  -0.00981
  -0.00995
  -0.00994
  -0.00984
  -0.00968
  -0.00951
  -0.00934
  -0.00919
  -0.00909
  -0.00902
  -0.00899
  -0.00902
  -0.00909
  -0.00919
  -0.00934
  -0.00951
  -0.00968
  -0.00984
  -0.00994
  -0.00995
  -0.00981
   -0.0095
  -0.00897
   -0.0082
  -0.00722
  -0.00607
  -0.00482
  -0.00357
  -0.00245
  -0.00152
 -0.000856
 -0.000448
 -0.000242
 -0.000168
 -0.000136
 -3.61e-05
  -7.3e-06
 -1.46e-06
 -2.86e-07
 -5.39e-08
 -9.34e-09
 -1.18e-09
      19.3
      19.3
 -1.19e-09
 -9.36e-09
  -5.4e-08
 -2.86e-07
 -1.46e-06
  -7.3e-06
 -3.61e-05
 -0.000136
 -0.000168
 -0.000242
 -0.000448
 -0.000856
  -0.00152
  -0.00244
  -0.00357
  -0.00481
  -0.00606
  -0.00721
  -0.00819
  -0.00896
  -0.00949
   -0.0098
  -0.00994
  -0.00993
  -0.00983
  -0.00968
   -0.0095
  -0.00933
  -0.00919
  -0.00908
  -0.00901
  -0.00899
  -0.00901
  -0.00908
  -0.00919
  -0.00933
   -0.0095
  -0.00968
  -0.00983
  -0.00993
  -0.00994
   -0.0098
  -0.00949
  -0.00896
  -0.00819
  -0.00721
  -0.00606
  -0.00481
  -0.00357
  -0.00244
  -0.00152
 -0.000856
 -0.000448
 -0.000242
 -0.000168
 -0.000136
 -3.61e-05
  -7.3e-06
 -1.46e-06
 -2.86e-07
  -5.4e-08
 -9.36e-09
 -1.19e-09
      19.3
      19.3
 -1.19e-09
 -9.38e-09
  -5.4e-08
 -2.86e-07
 -1.46e-06
  -7.3e-06
 -3.61e-05
 -0.000136
 -0.000168
 -0.000243
 -0.000449
 -0.000856
  -0.00152
  -0.00244
  -0.00357
  -0.00481
  -0.00606
  -0.00721
  -0.00819
  -0.00895
  -0.00948
   -0.0098
  -0.00993
  -0.00993
  -0.00982
  -0.00967
   -0.0095
  -0.00933
  -0.00918
  -0.00907
    -0.009
  -0.00898
    -0.009
  -0.00907
  -0.00918
  -0.00933
   -0.0095
  -0.00967
  -0.00982
  -0.00993
  -0.00993
   -0.0098
  -0.00948
  -0.00895
  -0.00819
  -0.00721
  -0.00606
  -0.00481
  -0.00357
  -0.00244
  -0.00152
 -0.000856
 -0.000449
 -0.000243
 -0.000168
 -0.000136
 -3.61e-05
  -7.3e-06
 -1.46e-06
 -2.86e-07
  -5.4e-08
 -9.38e-09
 -1.19e-09
      19.3
      19.3
 -1.19e-09
  -9.4e-09
 -5.41e-08
 -2.86e-07
 -1.46e-06
  -7.3e-06
 -3.61e-05
 -0.000136
 -0.000169
 -0.000243
 -0.000449
 -0.000857
  -0.00152
  -0.00244
  -0.00357
  -0.00481
  -0.00605
   -0.0072
  -0.00818
  -0.00894
  -0.00948
  -0.00979
  -0.00993
  -0.00992
  -0.00982
  -0.00967
  -0.00949
  -0.00932
  -0.00918
  -0.00907
    -0.009
  -0.00898
    -0.009
  -0.00907
  -0.00918
  -0.00932
  -0.00949
  -0.00967
  -0.00982
  -0.00992
  -0.00993
  -0.00979
  -0.00948
  -0.00894
  -0.00818
   -0.0072
  -0.00605
  -0.00481
  -0.00357
  -0.00244
  -0.00152
 -0.000857
 -0.000449
 -0.000243
 -0.000169
 -0.000136
 -3.61e-05
  -7.3e-06
 -1.46e-06
 -2.86e-07
 -5.41e-08
  -9.4e-09
 -1.19e-09
      19.3
      19.3
  -1.2e-09
 -9.42e-09
 -5.42e-08
 -2.87e-07
 -1.46e-06
 -7.31e-06
 -3.61e-05
 -0.000136
 -0.000169
 -0.000243
  -0.00045
 -0.000858
  -0.00152
  -0.00244
  -0.00357
  -0.00481
  -0.00605
   -0.0072
  -0.00818
  -0.00894
  -0.00947
  -0.00979
  -0.00992
  -0.00992
  -0.00982
  -0.00966
  -0.00949
  -0.00932
  -0.00918
  -0.00907
    -0.009
  -0.00898
    -0.009
  -0.00907
  -0.00918
  -0.00932
  -0.00949
  -0.00966
  -0.00982
  -0.00992
  -0.00992
  -0.00979
  -0.00947
  -0.00894
  -0.00818
   -0.0072
  -0.00605
  -0.00481
  -0.00357
  -0.00244
  -0.00152
 -0.000858
  -0.00045
 -0.000243
 -0.000169
 -0.000136
 -3.61e-05
 -7.31e-06
 -1.46e-06
 -2.87e-07
 -5.42e-08
 -9.42e-09
  -1.2e-09
      19.3
      19.3
  -1.2e-09
 -9.45e-09
 -5.43e-08
 -2.87e-07
 -1.46e-06
 -7.32e-06
 -3.62e-05
 -0.000136
 -0.000169
 -0.000244
 -0.000451
 -0.000859
  -0.00152
  -0.00244
  -0.00357
  -0.00481
  -0.00605
   -0.0072
  -0.00818
  -0.00894
  -0.00947
  -0.00979
  -0.00992
  -0.00992
  -0.00982
  -0.00966
  -0.00949
  -0.00932
  -0.00918
  -0.00907
    -0.009
  -0.00898
    -0.009
  -0.00907
  -0.00918
  -0.00932
  -0.00949
  -0.00966
  -0.00982
  -0.00992
  -0.00992
  -0.00979
  -0.00947
  -0.00894
  -0.00818
   -0.0072
  -0.00605
  -0.00481
  -0.00357
  -0.00244
  -0.00152
 -0.000859
 -0.000451
 -0.000244
 -0.000169
 -0.000136
 -3.62e-05
 -7.32e-06
 -1.46e-06
 -2.87e-07
 -5.43e-08
 -9.45e-09
  -1.2e-09
      19.3
      19.3
 -1.21e-09
 -9.48e-09
 -5.45e-08
 -2.88e-07
 -1.47e-06
 -7.33e-06
 -3.62e-05
 -0.000136
 -0.000169
 -0.000245
 -0.000452
  -0.00086
  -0.00152
  -0.00244
  -0.00357
  -0.00481
  -0.00605
   -0.0072
  -0.00817
  -0.00894
  -0.00947
  -0.00979
  -0.00992
  -0.00992
  -0.00982
  -0.00966
  -0.00949
  -0.00932
  -0.00918
  -0.00907
    -0.009
  -0.00898
    -0.009
  -0.00907
  -0.00918
  -0.00932
  -0.00949
  -0.00966
  -0.00982
  -0.00992
  -0.00992
  -0.00979
  -0.00947
  -0.00894
  -0.00817
   -0.0072
  -0.00605
  -0.00481
  -0.00357
  -0.00244
  -0.00152
  -0.00086
 -0.000452
 -0.000245
 -0.000169
 -0.000136
 -3.62e-05
 -7.33e-06
 -1.47e-06
 -2.88e-07
 -5.45e-08
 -9.48e-09
 -1.21e-09
      19.3
      19.3
 -1.21e-09
 -9.51e-09
 -5.46e-08
 -2.88e-07
 -1.47e-06
 -7.34e-06
 -3.62e-05
 -0.000137
  -0.00017
 -0.000245
 -0.000453
 -0.000862
  -0.00153
  -0.00245
  -0.00357
  -0.00481
  -0.00605
   -0.0072
  -0.00817
  -0.00894
  -0.00947
  -0.00979
  -0.00992
  -0.00992
  -0.00982
  -0.00967
  -0.00949
  -0.00933
  -0.00918
  -0.00907
  -0.00901
  -0.00898
  -0.00901
  -0.00907
  -0.00918
  -0.00933
  -0.00949
  -0.00967
  -0.00982
  -0.00992
  -0.00992
  -0.00979
  -0.00947
  -0.00894
  -0.00817
   -0.0072
  -0.00605
  -0.00481
  -0.00357
  -0.00245
  -0.00153
 -0.000862
 -0.000453
 -0.000245
  -0.00017
 -0.000137
 -3.62e-05
 -7.34e-06
 -1.47e-06
 -2.88e-07
 -5.46e-08
 -9.51e-09
 -1.21e-09
      19.3
      19.3
 -1.22e-09
 -9.54e-09
 -5.48e-08
 -2.89e-07
 -1.47e-06
 -7.35e-06
 -3.63e-05
 -0.000137
  -0.00017
 -0.000246
 -0.000454
 -0.000863
  -0.00153
  -0.00245
  -0.00357
  -0.00481
  -0.00605
   -0.0072
  -0.00818
  -0.00894
  -0.00947
  -0.00979
  -0.00993
  -0.00992
  -0.00982
  -0.00967
   -0.0095
  -0.00933
  -0.00919
  -0.00908
  -0.00901
  -0.00899
  -0.00901
  -0.00908
  -0.00919
  -0.00933
   -0.0095
  -0.00967
  -0.00982
  -0.00992
  -0.00993
  -0.00979
  -0.00947
  -0.00894
  -0.00818
   -0.0072
  -0.00605
  -0.00481
  -0.00357
  -0.00245
  -0.00153
 -0.000863
 -0.000454
 -0.000246
  -0.00017
 -0.000137
 -3.63e-05
 -7.35e-06
 -1.47e-06
 -2.89e-07
 -5.48e-08
 -9.54e-09
 -1.22e-09
      19.3
      19.3
 -1.22e-09
 -9.58e-09
 -5.49e-08
  -2.9e-07
 -1.47e-06
 -7.36e-06
 -3.64e-05
 -0.000137
  -0.00017
 -0.000247
 -0.000456
 -0.000865
  -0.00153
  -0.00245
  -0.00357
  -0.00481
  -0.00605
   -0.0072
  -0.00818
  -0.00894
  -0.00948
  -0.00979
  -0.00993
  -0.00993
  -0.00983
  -0.00968
  -0.00951
  -0.00934
   -0.0092
  -0.00909
  -0.00902
    -0.009
  -0.00902
  -0.00909
   -0.0092
  -0.00934
  -0.00951
  -0.00968
  -0.00983
  -0.00993
  -0.00993
  -0.00979
  -0.00948
  -0.00894
  -0.00818
   -0.0072
  -0.00605
  -0.00481
  -0.00357
  -0.00245
  -0.00153
 -0.000865
 -0.000456
 -0.000247
  -0.00017
 -0.000137
 -3.64e-05
 -7.36e-06
 -1.47e-06
  -2.9e-07
 -5.49e-08
 -9.58e-09
 -1.22e-09
      19.3
      19.3
 -1.23e-09
 -9.62e-09
 -5.51e-08
 -2.91e-07
 -1.48e-06
 -7.38e-06
 -3.64e-05
 -0.000137
 -0.000171
 -0.000248
 -0.000457
 -0.000867
  -0.00153
  -0.00245
  -0.00358
  -0.00481
  -0.00606
  -0.00721
  -0.00818
  -0.00895
  -0.00948
   -0.0098
  -0.00994
  -0.00994
  -0.00984
  -0.00969
  -0.00952
  -0.00935
   -0.0092
   -0.0091
  -0.00903
  -0.00901
  -0.00903
   -0.0091
   -0.0092
  -0.00935
  -0.00952
  -0.00969
  -0.00984
  -0.00994
  -0.00994
   -0.0098
  -0.00948
  -0.00895
  -0.00818
  -0.00721
  -0.00606
  -0.00481
  -0.00358
  -0.00245
  -0.00153
 -0.000867
 -0.000457
 -0.000248
 -0.000171
 -0.000137
 -3.64e-05
 -7.38e-06
 -1.48e-06
 -2.91e-07
 -5.51e-08
 -9.62e-09
 -1.23e-09
      19.3
      19.3
 -1.23e-09
 -9.66e-09
 -5.53e-08
 -2.91e-07
 -1.48e-06
  -7.4e-06
 -3.65e-05
 -0.000137
 -0.000171
 -0.000249
 -0.000459
  -0.00087
  -0.00153
  -0.00246
  -0.00358
  -0.00482
  -0.00606
  -0.00721
  -0.00819
  -0.00896
  -0.00949
  -0.00981
  -0.00995
  -0.00995
  -0.00985
   -0.0097
  -0.00953
  -0.00936
  -0.00922
  -0.00911
  -0.00904
  -0.00902
  -0.00904
  -0.00911
  -0.00922
  -0.00936
  -0.00953
   -0.0097
  -0.00985
  -0.00995
  -0.00995
  -0.00981
  -0.00949
  -0.00896
  -0.00819
  -0.00721
  -0.00606
  -0.00482
  -0.00358
  -0.00246
  -0.00153
  -0.00087
 -0.000459
 -0.000249
 -0.000171
 -0.000137
 -3.65e-05
  -7.4e-06
 -1.48e-06
 -2.91e-07
 -5.53e-08
 -9.66e-09
 -1.23e-09
      19.3
      19.3
 -1.24e-09
 -9.71e-09
 -5.55e-08
 -2.92e-07
 -1.49e-06
 -7.42e-06
 -3.66e-05
 -0.000138
 -0.000172
  -0.00025
  -0.00046
 -0.000872
  -0.00154
  -0.00246
  -0.00359
  -0.00482
  -0.00607
  -0.00722
   -0.0082
  -0.00897
   -0.0095
  -0.00982
  -0.00996
  -0.00996
  -0.00986
  -0.00971
  -0.00954
  -0.00937
  -0.00923
  -0.00912
  -0.00906
  -0.00903
  -0.00906
  -0.00912
  -0.00923
  -0.00937
  -0.00954
  -0.00971
  -0.00986
  -0.00996
  -0.00996
  -0.00982
   -0.0095
  -0.00897
   -0.0082
  -0.00722
  -0.00607
  -0.00482
  -0.00359
  -0.00246
  -0.00154
 -0.000872
  -0.00046
  -0.00025
 -0.000172
 -0.000138
 -3.66e-05
 -7.42e-06
 -1.49e-06
 -2.92e-07
 -5.55e-08
 -9.71e-09
 -1.24e-09
      19.3
      19.3
 -1.25e-09
 -9.76e-09
 -5.58e-08
 -2.94e-07
 -1.49e-06
 -7.44e-06
 -3.67e-05
 -0.000138
 -0.000172
 -0.000251
 -0.000462
 -0.000875
  -0.00154
  -0.00247
  -0.00359
  -0.00483
  -0.00608
  -0.00723
  -0.00821
  -0.00898
  -0.00952
  -0.00984
  -0.00998
  -0.00998
  -0.00988
  -0.00973
  -0.00956
  -0.00939
  -0.00925
  -0.00914
  -0.00907
  -0.00905
  -0.00907
  -0.00914
  -0.00925
  -0.00939
  -0.00956
  -0.00973
  -0.00988
  -0.00998
  -0.00998
  -0.00984
  -0.00952
  -0.00898
  -0.00821
  -0.00723
  -0.00608
  -0.00483
  -0.00359
  -0.00247
  -0.00154
 -0.000875
 -0.000462
 -0.000251
 -0.000172
 -0.000138
 -3.67e-05
 -7.44e-06
 -1.49e-06
 -2.94e-07
 -5.58e-08
 -9.76e-09
 -1.25e-09
      19.3
      19.3
 -1.26e-09
 -9.82e-09
 -5.61e-08
 -2.95e-07
  -1.5e-06
 -7.47e-06
 -3.69e-05
 -0.000139
 -0.000173
 -0.000252
 -0.000465
 -0.000878
  -0.00155
  -0.00247
   -0.0036
  -0.00484
  -0.00609
  -0.00725
  -0.00823
    -0.009
  -0.00954
  -0.00986
     -0.01
     -0.01
   -0.0099
  -0.00975
  -0.00958
  -0.00942
  -0.00927
  -0.00916
   -0.0091
  -0.00907
   -0.0091
  -0.00916
  -0.00927
  -0.00942
  -0.00958
  -0.00975
   -0.0099
     -0.01
     -0.01
  -0.00986
  -0.00954
    -0.009
  -0.00823
  -0.00725
  -0.00609
  -0.00484
   -0.0036
  -0.00247
  -0.00155
 -0.000878
 -0.000465
 -0.000252
 -0.000173
 -0.000139
 -3.69e-05
 -7.47e-06
  -1.5e-06
 -2.95e-07
 -5.61e-08
 -9.82e-09
 -1.26e-09
      19.3
      19.3
 -1.27e-09
 -9.88e-09
 -5.64e-08
 -2.96e-07
  -1.5e-06
  -7.5e-06
  -3.7e-05
 -0.000139
 -0.000174
 -0.000254
 -0.000467
 -0.000882
  -0.00155
  -0.00248
  -0.00361
  -0.00485
  -0.00611
  -0.00726
  -0.00825
  -0.00902
  -0.00956
  -0.00988
     -0.01
     -0.01
  -0.00993
  -0.00978
  -0.00961
  -0.00944
   -0.0093
  -0.00919
  -0.00912
   -0.0091
  -0.00912
  -0.00919
   -0.0093
  -0.00944
  -0.00961
  -0.00978
  -0.00993
     -0.01
     -0.01
  -0.00988
  -0.00956
  -0.00902
  -0.00825
  -0.00726
  -0.00611
  -0.00485
  -0.00361
  -0.00248
  -0.00155
 -0.000882
 -0.000467
 -0.000254
 -0.000174
 -0.000139
  -3.7e-05
  -7.5e-06
  -1.5e-06
 -2.96e-07
 -5.64e-08
 -9.88e-09
 -1.27e-09
      19.3
      19.3
 -1.28e-09
 -9.95e-09
 -5.67e-08
 -2.98e-07
 -1.51e-06
 -7.53e-06
 -3.72e-05
  -0.00014
 -0.000175
 -0.000255
  -0.00047
 -0.000887
  -0.00156
  -0.00249
  -0.00362
  -0.00487
  -0.00612
  -0.00728
  -0.00827
  -0.00904
  -0.00959
  -0.00991
   -0.0101
   -0.0101
  -0.00996
  -0.00981
  -0.00964
  -0.00947
  -0.00933
  -0.00922
  -0.00915
  -0.00913
  -0.00915
  -0.00922
  -0.00933
  -0.00947
  -0.00964
  -0.00981
  -0.00996
   -0.0101
   -0.0101
  -0.00991
  -0.00959
  -0.00904
  -0.00827
  -0.00728
  -0.00612
  -0.00487
  -0.00362
  -0.00249
  -0.00156
 -0.000887
  -0.00047
 -0.000255
 -0.000175
  -0.00014
 -3.72e-05
 -7.53e-06
 -1.51e-06
 -2.98e-07
 -5.67e-08
 -9.95e-09
 -1.28e-09
      19.3
      19.3
 -1.29e-09
    -1e-08
 -5.71e-08
    -3e-07
 -1.52e-06
 -7.58e-06
 -3.74e-05
  -0.00014
 -0.000176
 -0.000257
 -0.000473
 -0.000892
  -0.00157
   -0.0025
  -0.00364
  -0.00489
  -0.00615
  -0.00731
   -0.0083
  -0.00908
  -0.00962
  -0.00995
   -0.0101
   -0.0101
     -0.01
  -0.00985
  -0.00968
  -0.00951
  -0.00937
  -0.00926
  -0.00919
  -0.00917
  -0.00919
  -0.00926
  -0.00937
  -0.00951
  -0.00968
  -0.00985
     -0.01
   -0.0101
   -0.0101
  -0.00995
  -0.00962
  -0.00908
   -0.0083
  -0.00731
  -0.00615
  -0.00489
  -0.00364
   -0.0025
  -0.00157
 -0.000892
 -0.000473
 -0.000257
 -0.000176
  -0.00014
 -3.74e-05
 -7.58e-06
 -1.52e-06
    -3e-07
 -5.71e-08
    -1e-08
 -1.29e-09
      19.3
      19.3
  -1.3e-09
 -1.01e-08
 -5.75e-08
 -3.02e-07
 -1.53e-06
 -7.62e-06
 -3.76e-05
 -0.000141
 -0.000177
 -0.000259
 -0.000476
 -0.000897
  -0.00158
  -0.00251
  -0.00365
  -0.00491
  -0.00617
  -0.00734
  -0.00834
  -0.00912
  -0.00967
     -0.01
   -0.0101
   -0.0101
     -0.01
   -0.0099
  -0.00973
  -0.00956
  -0.00942
  -0.00931
  -0.00924
  -0.00922
  -0.00924
  -0.00931
  -0.00942
  -0.00956
  -0.00973
   -0.0099
     -0.01
   -0.0101
   -0.0101
     -0.01
  -0.00967
  -0.00912
  -0.00834
  -0.00734
  -0.00617
  -0.00491
  -0.00365
  -0.00251
  -0.00158
 -0.000897
 -0.000476
 -0.000259
 -0.000177
 -0.000141
 -3.76e-05
 -7.62e-06
 -1.53e-06
 -3.02e-07
 -5.75e-08
 -1.01e-08
  -1.3e-09
      19.3
      19.3
 -1.31e-09
 -1.02e-08
  -5.8e-08
 -3.04e-07
 -1.54e-06
 -7.68e-06
 -3.79e-05
 -0.000142
 -0.000178
 -0.000261
  -0.00048
 -0.000904
  -0.00159
  -0.00253
  -0.00367
  -0.00494
  -0.00621
  -0.00738
  -0.00838
  -0.00917
  -0.00972
   -0.0101
   -0.0102
   -0.0102
   -0.0101
  -0.00996
  -0.00979
  -0.00962
  -0.00947
  -0.00936
   -0.0093
  -0.00927
   -0.0093
  -0.00936
  -0.00947
  -0.00962
  -0.00979
  -0.00996
   -0.0101
   -0.0102
   -0.0102
   -0.0101
  -0.00972
  -0.00917
  -0.00838
  -0.00738
  -0.00621
  -0.00494
  -0.00367
  -0.00253
  -0.00159
 -0.000904
  -0.00048
 -0.000261
 -0.000178
 -0.000142
 -3.79e-05
 -7.68e-06
 -1.54e-06
 -3.04e-07
  -5.8e-08
 -1.02e-08
 -1.31e-09
      19.3
      19.3
 -1.33e-09
 -1.03e-08
 -5.86e-08
 -3.07e-07
 -1.56e-06
 -7.75e-06
 -3.82e-05
 -0.000143
  -0.00018
 -0.000264
 -0.000485
 -0.000912
   -0.0016
  -0.00254
   -0.0037
  -0.00497
  -0.00625
  -0.00743
  -0.00844
  -0.00923
  -0.00978
   -0.0101
   -0.0103
   -0.0103
   -0.0102
     -0.01
  -0.00986
  -0.00969
  -0.00954
  -0.00943
  -0.00937
  -0.00934
  -0.00937
  -0.00943
  -0.00954
  -0.00969
  -0.00986
     -0.01
   -0.0102
   -0.0103
   -0.0103
   -0.0101
  -0.00978
  -0.00923
  -0.00844
  -0.00743
  -0.00625
  -0.00497
   -0.0037
  -0.00254
   -0.0016
 -0.000912
 -0.000485
 -0.000264
  -0.00018
 -0.000143
 -3.82e-05
 -7.75e-06
 -1.56e-06
 -3.07e-07
 -5.86e-08
 -1.03e-08
 -1.33e-09
      19.3
      19.3
 -1.35e-09
 -1.04e-08
 -5.92e-08
  -3.1e-07
 -1.57e-06
 -7.82e-06
 -3.86e-05
 -0.000145
 -0.000182
 -0.000267
  -0.00049
 -0.000921
  -0.00161
  -0.00257
  -0.00373
  -0.00501
   -0.0063
  -0.00749
   -0.0085
   -0.0093
  -0.00986
   -0.0102
   -0.0104
   -0.0104
   -0.0103
   -0.0101
  -0.00994
  -0.00977
  -0.00963
  -0.00952
  -0.00945
  -0.00943
  -0.00945
  -0.00952
  -0.00963
  -0.00977
  -0.00994
   -0.0101
   -0.0103
   -0.0104
   -0.0104
   -0.0102
  -0.00986
   -0.0093
   -0.0085
  -0.00749
   -0.0063
  -0.00501
  -0.00373
  -0.00257
  -0.00161
 -0.000921
  -0.00049
 -0.000267
 -0.000182
 -0.000145
 -3.86e-05
 -7.82e-06
 -1.57e-06
  -3.1e-07
 -5.92e-08
 -1.04e-08
 -1.35e-09
      19.3
      19.3
 -1.37e-09
 -1.06e-08
    -6e-08
 -3.14e-07
 -1.59e-06
 -7.91e-06
  -3.9e-05
 -0.000147
 -0.000184
  -0.00027
 -0.000496
 -0.000931
  -0.00163
  -0.00259
  -0.00377
  -0.00506
  -0.00636
  -0.00756
  -0.00859
  -0.00939
  -0.00996
   -0.0103
   -0.0105
   -0.0105
   -0.0104
   -0.0102
     -0.01
  -0.00987
  -0.00973
  -0.00962
  -0.00955
  -0.00953
  -0.00955
  -0.00962
  -0.00973
  -0.00987
     -0.01
   -0.0102
   -0.0104
   -0.0105
   -0.0105
   -0.0103
  -0.00996
  -0.00939
  -0.00859
  -0.00756
  -0.00636
  -0.00506
  -0.00377
  -0.00259
  -0.00163
 -0.000931
 -0.000496
  -0.00027
 -0.000184
 -0.000147
  -3.9e-05
 -7.91e-06
 -1.59e-06
 -3.14e-07
    -6e-08
 -1.06e-08
 -1.37e-09
      19.3
      19.3
 -1.39e-09
 -1.07e-08
 -6.09e-08
 -3.19e-07
 -1.61e-06
 -8.02e-06
 -3.95e-05
 -0.000149
 -0.000187
 -0.000274
 -0.000503
 -0.000944
  -0.00165
  -0.00262
  -0.00381
  -0.00512
  -0.00643
  -0.00765
  -0.00869
   -0.0095
   -0.0101
   -0.0104
   -0.0106
   -0.0106
   -0.0105
   -0.0103
   -0.0102
     -0.01
  -0.00985
  -0.00974
  -0.00967
  -0.00965
  -0.00967
  -0.00974
  -0.00985
     -0.01
   -0.0102
   -0.0103
   -0.0105
   -0.0106
   -0.0106
   -0.0104
   -0.0101
   -0.0095
  -0.00869
  -0.00765
  -0.00643
  -0.00512
  -0.00381
  -0.00262
  -0.00165
 -0.000944
 -0.000503
 -0.000274
 -0.000187
 -0.000149
 -3.95e-05
 -8.02e-06
 -1.61e-06
 -3.19e-07
 -6.09e-08
 -1.07e-08
 -1.39e-09
      19.3
      19.3
 -1.41e-09
 -1.09e-08
 -6.19e-08
 -3.24e-07
 -1.64e-06
 -8.16e-06
 -4.02e-05
 -0.000151
  -0.00019
 -0.000279
 -0.000512
 -0.000959
  -0.00168
  -0.00266
  -0.00387
  -0.00519
  -0.00652
  -0.00775
  -0.00881
  -0.00963
   -0.0102
   -0.0106
   -0.0107
   -0.0107
   -0.0106
   -0.0105
   -0.0103
   -0.0102
     -0.01
  -0.00989
  -0.00982
   -0.0098
  -0.00982
  -0.00989
     -0.01
   -0.0102
   -0.0103
   -0.0105
   -0.0106
   -0.0107
   -0.0107
   -0.0106
   -0.0102
  -0.00963
  -0.00881
  -0.00775
  -0.00652
  -0.00519
  -0.00387
  -0.00266
  -0.00168
 -0.000959
 -0.000512
 -0.000279
  -0.00019
 -0.000151
 -4.02e-05
 -8.16e-06
 -1.64e-06
 -3.24e-07
 -6.19e-08
 -1.09e-08
 -1.41e-09
      19.3
      19.3
 -1.44e-09
 -1.12e-08
 -6.32e-08
  -3.3e-07
 -1.67e-06
 -8.31e-06
 -4.09e-05
 -0.000154
 -0.000193
 -0.000285
 -0.000522
 -0.000977
  -0.00171
  -0.00271
  -0.00393
  -0.00528
  -0.00663
  -0.00789
  -0.00896
   -0.0098
   -0.0104
   -0.0108
   -0.0109
   -0.0109
   -0.0108
   -0.0107
   -0.0105
   -0.0103
   -0.0102
   -0.0101
     -0.01
  -0.00998
     -0.01
   -0.0101
   -0.0102
   -0.0103
   -0.0105
   -0.0107
   -0.0108
   -0.0109
   -0.0109
   -0.0108
   -0.0104
   -0.0098
  -0.00896
  -0.00789
  -0.00663
  -0.00528
  -0.00393
  -0.00271
  -0.00171
 -0.000977
 -0.000522
 -0.000285
 -0.000193
 -0.000154
 -4.09e-05
 -8.31e-06
 -1.67e-06
  -3.3e-07
 -6.32e-08
 -1.12e-08
 -1.44e-09
      19.3
      19.3
 -1.48e-09
 -1.14e-08
 -6.47e-08
 -3.38e-07
 -1.71e-06
 -8.51e-06
 -4.19e-05
 -0.000157
 -0.000198
 -0.000291
 -0.000534
 -0.000998
  -0.00174
  -0.00277
  -0.00402
  -0.00539
  -0.00677
  -0.00805
  -0.00914
     -0.01
   -0.0106
    -0.011
   -0.0112
   -0.0112
   -0.0111
   -0.0109
   -0.0107
   -0.0106
   -0.0104
   -0.0103
   -0.0102
   -0.0102
   -0.0102
   -0.0103
   -0.0104
   -0.0106
   -0.0107
   -0.0109
   -0.0111
   -0.0112
   -0.0112
    -0.011
   -0.0106
     -0.01
  -0.00914
  -0.00805
  -0.00677
  -0.00539
  -0.00402
  -0.00277
  -0.00174
 -0.000998
 -0.000534
 -0.000291
 -0.000198
 -0.000157
 -4.19e-05
 -8.51e-06
 -1.71e-06
 -3.38e-07
 -6.47e-08
 -1.14e-08
 -1.48e-09
      19.3
      19.3
 -1.52e-09
 -1.17e-08
 -6.65e-08
 -3.48e-07
 -1.76e-06
 -8.74e-06
 -4.31e-05
 -0.000162
 -0.000203
 -0.000299
 -0.000548
  -0.00102
  -0.00179
  -0.00284
  -0.00412
  -0.00553
  -0.00694
  -0.00825
  -0.00938
   -0.0103
   -0.0109
   -0.0113
   -0.0114
   -0.0115
   -0.0114
   -0.0112
    -0.011
   -0.0109
   -0.0107
   -0.0106
   -0.0105
   -0.0105
   -0.0105
   -0.0106
   -0.0107
   -0.0109
    -0.011
   -0.0112
   -0.0114
   -0.0115
   -0.0114
   -0.0113
   -0.0109
   -0.0103
  -0.00938
  -0.00825
  -0.00694
  -0.00553
  -0.00412
  -0.00284
  -0.00179
  -0.00102
 -0.000548
 -0.000299
 -0.000203
 -0.000162
 -4.31e-05
 -8.74e-06
 -1.76e-06
 -3.48e-07
 -6.65e-08
 -1.17e-08
 -1.52e-09
      19.3
      19.3
 -1.57e-09
 -1.21e-08
 -6.87e-08
 -3.59e-07
 -1.82e-06
 -9.04e-06
 -4.45e-05
 -0.000167
  -0.00021
 -0.000309
 -0.000566
  -0.00106
  -0.00184
  -0.00293
  -0.00425
   -0.0057
  -0.00716
  -0.00851
  -0.00967
   -0.0106
   -0.0112
   -0.0116
   -0.0118
   -0.0118
   -0.0117
   -0.0116
   -0.0114
   -0.0112
   -0.0111
   -0.0109
   -0.0109
   -0.0108
   -0.0109
   -0.0109
   -0.0111
   -0.0112
   -0.0114
   -0.0116
   -0.0117
   -0.0118
   -0.0118
   -0.0116
   -0.0112
   -0.0106
  -0.00967
  -0.00851
  -0.00716
   -0.0057
  -0.00425
  -0.00293
  -0.00184
  -0.00106
 -0.000566
 -0.000309
  -0.00021
 -0.000167
 -4.45e-05
 -9.04e-06
 -1.82e-06
 -3.59e-07
 -6.87e-08
 -1.21e-08
 -1.57e-09
      19.3
      19.3
 -1.64e-09
 -1.26e-08
 -7.15e-08
 -3.74e-07
 -1.89e-06
  -9.4e-06
 -4.63e-05
 -0.000174
 -0.000219
 -0.000321
 -0.000588
   -0.0011
  -0.00191
  -0.00304
  -0.00441
  -0.00591
  -0.00743
  -0.00883
     -0.01
    -0.011
   -0.0116
   -0.0121
   -0.0123
   -0.0123
   -0.0122
    -0.012
   -0.0118
   -0.0117
   -0.0115
   -0.0114
   -0.0113
   -0.0113
   -0.0113
   -0.0114
   -0.0115
   -0.0117
   -0.0118
    -0.012
   -0.0122
   -0.0123
   -0.0123
   -0.0121
   -0.0116
    -0.011
     -0.01
  -0.00883
  -0.00743
  -0.00591
  -0.00441
  -0.00304
  -0.00191
   -0.0011
 -0.000588
 -0.000321
 -0.000219
 -0.000174
 -4.63e-05
  -9.4e-06
 -1.89e-06
 -3.74e-07
 -7.15e-08
 -1.26e-08
 -1.64e-09
      19.3
      19.3
 -1.71e-09
 -1.32e-08
 -7.49e-08
 -3.92e-07
 -1.98e-06
 -9.87e-06
 -4.86e-05
 -0.000182
 -0.000229
 -0.000337
 -0.000616
  -0.00115
    -0.002
  -0.00318
  -0.00461
  -0.00618
  -0.00777
  -0.00924
   -0.0105
   -0.0115
   -0.0122
   -0.0126
   -0.0128
   -0.0129
   -0.0128
   -0.0126
   -0.0124
   -0.0122
   -0.0121
   -0.0119
   -0.0119
   -0.0118
   -0.0119
   -0.0119
   -0.0121
   -0.0122
   -0.0124
   -0.0126
   -0.0128
   -0.0129
   -0.0128
   -0.0126
   -0.0122
   -0.0115
   -0.0105
  -0.00924
  -0.00777
  -0.00618
  -0.00461
  -0.00318
    -0.002
  -0.00115
 -0.000616
 -0.000337
 -0.000229
 -0.000182
 -4.86e-05
 -9.87e-06
 -1.98e-06
 -3.92e-07
 -7.49e-08
 -1.32e-08
 -1.71e-09
      19.3
      19.3
 -1.81e-09
  -1.4e-08
 -7.94e-08
 -4.15e-07
  -2.1e-06
 -1.05e-05
 -5.15e-05
 -0.000194
 -0.000243
 -0.000356
 -0.000651
  -0.00121
  -0.00212
  -0.00336
  -0.00487
  -0.00654
  -0.00821
  -0.00976
   -0.0111
   -0.0121
   -0.0129
   -0.0134
   -0.0136
   -0.0136
   -0.0135
   -0.0134
   -0.0132
    -0.013
   -0.0128
   -0.0127
   -0.0126
   -0.0126
   -0.0126
   -0.0127
   -0.0128
    -0.013
   -0.0132
   -0.0134
   -0.0135
   -0.0136
   -0.0136
   -0.0134
   -0.0129
   -0.0121
   -0.0111
  -0.00976
  -0.00821
  -0.00654
  -0.00487
  -0.00336
  -0.00212
  -0.00121
 -0.000651
 -0.000356
 -0.000243
 -0.000194
 -5.15e-05
 -1.05e-05
  -2.1e-06
 -4.15e-07
 -7.94e-08
  -1.4e-08
 -1.81e-09
      19.3
      19.3
 -1.94e-09
  -1.5e-08
 -8.52e-08
 -4.46e-07
 -2.26e-06
 -1.12e-05
 -5.54e-05
 -0.000208
 -0.000261
 -0.000382
 -0.000697
   -0.0013
  -0.00226
  -0.00359
  -0.00521
    -0.007
  -0.00879
   -0.0105
   -0.0119
    -0.013
   -0.0138
   -0.0143
   -0.0146
   -0.0146
   -0.0145
   -0.0143
   -0.0141
   -0.0139
   -0.0138
   -0.0136
   -0.0135
   -0.0135
   -0.0135
   -0.0136
   -0.0138
   -0.0139
   -0.0141
   -0.0143
   -0.0145
   -0.0146
   -0.0146
   -0.0143
   -0.0138
    -0.013
   -0.0119
   -0.0105
  -0.00879
    -0.007
  -0.00521
  -0.00359
  -0.00226
   -0.0013
 -0.000697
 -0.000382
 -0.000261
 -0.000208
 -5.54e-05
 -1.12e-05
 -2.26e-06
 -4.46e-07
 -8.52e-08
  -1.5e-08
 -1.94e-09
      19.3
      19.3
 -2.12e-09
 -1.64e-08
 -9.29e-08
 -4.87e-07
 -2.47e-06
 -1.23e-05
 -6.05e-05
 -0.000227
 -0.000285
 -0.000416
 -0.000758
  -0.00141
  -0.00246
  -0.00391
  -0.00567
  -0.00761
  -0.00956
   -0.0114
   -0.0129
   -0.0142
    -0.015
   -0.0156
   -0.0159
   -0.0159
   -0.0158
   -0.0157
   -0.0154
   -0.0152
    -0.015
   -0.0149
   -0.0148
   -0.0148
   -0.0148
   -0.0149
    -0.015
   -0.0152
   -0.0154
   -0.0157
   -0.0158
   -0.0159
   -0.0159
   -0.0156
    -0.015
   -0.0142
   -0.0129
   -0.0114
  -0.00956
  -0.00761
  -0.00567
  -0.00391
  -0.00246
  -0.00141
 -0.000758
 -0.000416
 -0.000285
 -0.000227
 -6.05e-05
 -1.23e-05
 -2.47e-06
 -4.87e-07
 -9.29e-08
 -1.64e-08
 -2.12e-09
      19.3
      19.3
 -2.35e-09
 -1.82e-08
 -1.03e-07
 -5.43e-07
 -2.75e-06
 -1.37e-05
 -6.76e-05
 -0.000254
 -0.000318
 -0.000463
 -0.000841
  -0.00157
  -0.00274
  -0.00434
   -0.0063
  -0.00845
   -0.0106
   -0.0126
   -0.0144
   -0.0157
   -0.0167
   -0.0173
   -0.0177
   -0.0177
   -0.0177
   -0.0175
   -0.0172
    -0.017
   -0.0168
   -0.0167
   -0.0166
   -0.0165
   -0.0166
   -0.0167
   -0.0168
    -0.017
   -0.0172
   -0.0175
   -0.0177
   -0.0177
   -0.0177
   -0.0173
   -0.0167
   -0.0157
   -0.0144
   -0.0126
   -0.0106
  -0.00845
   -0.0063
  -0.00434
  -0.00274
  -0.00157
 -0.000841
 -0.000463
 -0.000318
 -0.000254
 -6.76e-05
 -1.37e-05
 -2.75e-06
 -5.43e-07
 -1.03e-07
 -1.82e-08
 -2.35e-09
      19.3
      19.3
 -2.69e-09
 -2.08e-08
 -1.19e-07
 -6.23e-07
 -3.16e-06
 -1.58e-05
 -7.77e-05
 -0.000292
 -0.000365
 -0.000529
 -0.000961
  -0.00179
  -0.00312
  -0.00496
   -0.0072
  -0.00966
   -0.0121
   -0.0144
   -0.0164
    -0.018
   -0.0191
   -0.0199
   -0.0202
   -0.0203
   -0.0203
   -0.0201
   -0.0198
   -0.0196
   -0.0193
   -0.0192
   -0.0191
    -0.019
   -0.0191
   -0.0192
   -0.0193
   -0.0196
   -0.0198
   -0.0201
   -0.0203
   -0.0203
   -0.0202
   -0.0199
   -0.0191
    -0.018
   -0.0164
   -0.0144
   -0.0121
  -0.00966
   -0.0072
  -0.00496
  -0.00312
  -0.00179
 -0.000961
 -0.000529
 -0.000365
 -0.000292
 -7.77e-05
 -1.58e-05
 -3.16e-06
 -6.23e-07
 -1.19e-07
 -2.08e-08
 -2.69e-09
      19.3
      19.3
  -3.2e-09
 -2.48e-08
 -1.41e-07
 -7.44e-07
 -3.78e-06
 -1.89e-05
 -9.31e-05
  -0.00035
 -0.000437
 -0.000631
  -0.00114
  -0.00213
  -0.00372
   -0.0059
  -0.00856
   -0.0115
   -0.0144
   -0.0172
   -0.0195
   -0.0214
   -0.0228
   -0.0237
   -0.0241
   -0.0243
   -0.0242
    -0.024
   -0.0237
   -0.0234
   -0.0232
    -0.023
   -0.0229
   -0.0228
   -0.0229
    -0.023
   -0.0232
   -0.0234
   -0.0237
    -0.024
   -0.0242
   -0.0243
   -0.0241
   -0.0237
   -0.0228
   -0.0214
   -0.0195
   -0.0172
   -0.0144
   -0.0115
  -0.00856
   -0.0059
  -0.00372
  -0.00213
  -0.00114
 -0.000631
 -0.000437
  -0.00035
 -9.31e-05
 -1.89e-05
 -3.78e-06
 -7.44e-07
 -1.41e-07
 -2.48e-08
  -3.2e-09
      19.3
      19.3
    -4e-09
  -3.1e-08
 -1.77e-07
  -9.3e-07
 -4.73e-06
 -2.36e-05
 -0.000117
 -0.000439
    0.0312
    0.0277
    0.0271
    0.0258
    0.0239
    0.0211
    0.0178
    0.0142
    0.0105
   0.00715
   0.00421
   0.00187
   0.00016
 -0.000958
  -0.00157
  -0.00178
  -0.00171
  -0.00147
  -0.00115
 -0.000823
  -0.00053
 -0.000305
 -0.000164
 -0.000116
 -0.000164
 -0.000305
  -0.00053
 -0.000823
  -0.00115
  -0.00147
  -0.00171
  -0.00178
  -0.00157
 -0.000958
   0.00016
   0.00187
   0.00421
   0.00715
    0.0105
    0.0142
    0.0178
    0.0211
    0.0239
    0.0258
    0.0271
    0.0277
    0.0312
 -0.000439
 -0.000117
 -2.36e-05
 -4.73e-06
  -9.3e-07
 -1.77e-07
  -3.1e-08
    -4e-09
      19.3
      19.3
 -4.71e-09
 -3.65e-08
 -2.08e-07
 -1.09e-06
 -5.57e-06
 -2.78e-05
 -0.000137
 -0.000517
    0.0311
    0.0276
    0.0268
    0.0254
    0.0231
    0.0199
     0.016
    0.0118
   0.00754
   0.00357
  0.000136
  -0.00261
  -0.00463
  -0.00596
  -0.00671
  -0.00699
  -0.00694
   -0.0067
  -0.00635
  -0.00599
  -0.00567
  -0.00542
  -0.00527
  -0.00522
  -0.00527
  -0.00542
  -0.00567
  -0.00599
  -0.00635
   -0.0067
  -0.00694
  -0.00699
  -0.00671
  -0.00596
  -0.00463
  -0.00261
  0.000136
   0.00357
   0.00754
    0.0118
     0.016
    0.0199
    0.0231
    0.0254
    0.0268
    0.0276
    0.0311
 -0.000517
 -0.000137
 -2.78e-05
 -5.57e-06
 -1.09e-06
 -2.08e-07
 -3.65e-08
 -4.71e-09
      19.3
      19.3
 -5.31e-09
 -4.11e-08
 -2.34e-07
 -1.23e-06
 -6.24e-06
 -3.12e-05
 -0.000154
  -0.00058
     0.031
    0.0275
    0.0266
     0.025
    0.0225
    0.0189
    0.0147
      0.01
   0.00529
  0.000901
   -0.0029
  -0.00595
  -0.00821
  -0.00972
   -0.0106
   -0.0109
   -0.0109
   -0.0107
   -0.0103
  -0.00996
  -0.00962
  -0.00937
  -0.00921
  -0.00915
  -0.00921
  -0.00937
  -0.00962
  -0.00996
   -0.0103
   -0.0107
   -0.0109
   -0.0109
   -0.0106
  -0.00972
  -0.00821
  -0.00595
   -0.0029
  0.000901
   0.00529
      0.01
    0.0147
    0.0189
    0.0225
     0.025
    0.0266
    0.0275
     0.031
  -0.00058
 -0.000154
 -3.12e-05
 -6.24e-06
 -1.23e-06
 -2.34e-07
 -4.11e-08
 -5.31e-09
      19.3
      19.3
 -5.84e-09
  -4.5e-08
 -2.55e-07
 -1.33e-06
 -6.77e-06
 -3.38e-05
 -0.000167
 -0.000628
    0.0309
    0.0274
    0.0264
    0.0247
     0.022
    0.0183
    0.0137
   0.00875
   0.00373
 -0.000946
    -0.005
  -0.00827
   -0.0107
   -0.0123
   -0.0133
   -0.0137
   -0.0137
   -0.0135
   -0.0132
   -0.0128
   -0.0125
   -0.0122
   -0.0121
    -0.012
   -0.0121
   -0.0122
   -0.0125
   -0.0128
   -0.0132
   -0.0135
   -0.0137
   -0.0137
   -0.0133
   -0.0123
   -0.0107
  -0.00827
    -0.005
 -0.000946
   0.00373
   0.00875
    0.0137
    0.0183
     0.022
    0.0247
    0.0264
    0.0274
    0.0309
 -0.000628
 -0.000167
 -3.38e-05
 -6.77e-06
 -1.33e-06
 -2.55e-07
  -4.5e-08
 -5.84e-09
      19.3
      19.3
 -6.33e-09
 -4.84e-08
 -2.72e-07
 -1.42e-06
 -7.19e-06
 -3.58e-05
 -0.000177
 -0.000664
    0.0309
    0.0273
    0.0263
    0.0245
    0.0216
    0.0178
    0.0131
   0.00791
   0.00272
  -0.00213
  -0.00635
  -0.00976
   -0.0123
    -0.014
   -0.0151
   -0.0155
   -0.0156
   -0.0154
   -0.0151
   -0.0148
   -0.0144
   -0.0142
    -0.014
    -0.014
    -0.014
   -0.0142
   -0.0144
   -0.0148
   -0.0151
   -0.0154
   -0.0156
   -0.0155
   -0.0151
    -0.014
   -0.0123
  -0.00976
  -0.00635
  -0.00213
   0.00272
   0.00791
    0.0131
    0.0178
    0.0216
    0.0245
    0.0263
    0.0273
    0.0309
 -0.000664
 -0.000177
 -3.58e-05
 -7.19e-06
 -1.42e-06
 -2.72e-07
 -4.84e-08
 -6.33e-09
      19.3
      19.3
  -6.8e-09
 -5.15e-08
 -2.87e-07
 -1.49e-06
 -7.54e-06
 -3.75e-05
 -0.000185
 -0.000693
    0.0308
    0.0272
    0.0262
    0.0243
    0.0214
    0.0174
    0.0126
   0.00741
   0.00213
  -0.00281
  -0.00711
   -0.0106
   -0.0132
    -0.015
   -0.0161
   -0.0166
   -0.0168
   -0.0166
   -0.0163
    -0.016
   -0.0157
   -0.0155
   -0.0153
   -0.0153
   -0.0153
   -0.0155
   -0.0157
    -0.016
   -0.0163
   -0.0166
   -0.0168
   -0.0166
   -0.0161
    -0.015
   -0.0132
   -0.0106
  -0.00711
  -0.00281
   0.00213
   0.00741
    0.0126
    0.0174
    0.0214
    0.0243
    0.0262
    0.0272
    0.0308
 -0.000693
 -0.000185
 -3.75e-05
 -7.54e-06
 -1.49e-06
 -2.87e-07
 -5.15e-08
  -6.8e-09
      19.3
      19.3
 -7.21e-09
 -5.42e-08
    -3e-07
 -1.55e-06
 -7.82e-06
 -3.88e-05
 -0.000191
 -0.000716
    0.0308
    0.0271
     0.026
    0.0241
    0.0211
    0.0172
    0.0124
   0.00714
   0.00184
  -0.00312
  -0.00745
    -0.011
   -0.0137
   -0.0155
   -0.0166
   -0.0172
   -0.0174
   -0.0173
    -0.017
   -0.0167
   -0.0164
   -0.0162
   -0.0161
    -0.016
   -0.0161
   -0.0162
   -0.0164
   -0.0167
    -0.017
   -0.0173
   -0.0174
   -0.0172
   -0.0166
   -0.0155
   -0.0137
    -0.011
  -0.00745
  -0.00312
   0.00184
   0.00714
    0.0124
    0.0172
    0.0211
    0.0241
     0.026
    0.0271
    0.0308
 -0.000716
 -0.000191
 -3.88e-05
 -7.82e-06
 -1.55e-06
    -3e-07
 -5.42e-08
 -7.21e-09
      19.3
         0
 -7.51e-09
 -5.63e-08
 -3.11e-07
  -1.6e-06
 -8.06e-06
 -3.99e-05
 -0.000196
 -0.000735
    0.0308
     0.027
    0.0259
    0.0239
     0.021
     0.017
    0.0122
   0.00702
   0.00176
  -0.00317
   -0.0075
    -0.011
   -0.0137
   -0.0156
   -0.0168
   -0.0174
   -0.0176
   -0.0176
   -0.0174
   -0.0171
   -0.0168
   -0.0166
   -0.0165
   -0.0164
   -0.0165
   -0.0166
   -0.0168
   -0.0171
   -0.0174
   -0.0176
   -0.0176
   -0.0174
   -0.0168
   -0.0156
   -0.0137
    -0.011
   -0.0075
  -0.00317
   0.00176
   0.00702
    0.0122
     0.017
     0.021
    0.0239
    0.0259
     0.027
    0.0308
 -0.000735
 -0.000196
 -3.99e-05
 -8.06e-06
  -1.6e-06
 -3.11e-07
 -5.63e-08
 -7.51e-09
         0
         0
 -7.81e-09
 -5.83e-08
 -3.21e-07
 -1.65e-06
 -8.26e-06
 -4.09e-05
 -0.000201
  -0.00075
    0.0307
     0.027
    0.0258
    0.0238
    0.0208
    0.0169
    0.0122
   0.00702
   0.00182
  -0.00306
  -0.00735
   -0.0109
   -0.0136
   -0.0155
   -0.0167
   -0.0174
   -0.0176
   -0.0176
   -0.0174
   -0.0172
    -0.017
   -0.0168
   -0.0167
   -0.0166
   -0.0167
   -0.0168
    -0.017
   -0.0172
   -0.0174
   -0.0176
   -0.0176
   -0.0174
   -0.0167
   -0.0155
   -0.0136
   -0.0109
  -0.00735
  -0.00306
   0.00182
   0.00702
    0.0122
    0.0169
    0.0208
    0.0238
    0.0258
     0.027
    0.0307
  -0.00075
 -0.000201
 -4.09e-05
 -8.26e-06
 -1.65e-06
 -3.21e-07
 -5.83e-08
 -7.81e-09
         0
         0
 -8.11e-09
 -6.02e-08
 -3.29e-07
 -1.69e-06
 -8.44e-06
 -4.17e-05
 -0.000204
 -0.000763
    0.0307
    0.0269
    0.0257
    0.0236
    0.0207
    0.0168
    0.0121
   0.00708
   0.00196
  -0.00285
  -0.00709
   -0.0106
   -0.0133
   -0.0152
   -0.0165
   -0.0172
   -0.0175
   -0.0175
   -0.0173
   -0.0171
   -0.0169
   -0.0168
   -0.0167
   -0.0166
   -0.0167
   -0.0168
   -0.0169
   -0.0171
   -0.0173
   -0.0175
   -0.0175
   -0.0172
   -0.0165
   -0.0152
   -0.0133
   -0.0106
  -0.00709
  -0.00285
   0.00196
   0.00708
    0.0121
    0.0168
    0.0207
    0.0236
    0.0257
    0.0269
    0.0307
 -0.000763
 -0.000204
 -4.17e-05
 -8.44e-06
 -1.69e-06
 -3.29e-07
 -6.02e-08
 -8.11e-09
         0
         0
 -8.38e-09
 -6.19e-08
 -3.37e-07
 -1.72e-06
  -8.6e-06
 -4.24e-05
 -0.000207
 -0.000774
    0.0307
    0.0268
    0.0256
    0.0235
    0.0206
    0.0167
    0.0122
   0.00718
   0.00215
  -0.00259
  -0.00677
   -0.0102
   -0.0129
   -0.0149
   -0.0161
   -0.0169
   -0.0172
   -0.0173
   -0.0172
    -0.017
   -0.0168
   -0.0167
   -0.0166
   -0.0165
   -0.0166
   -0.0167
   -0.0168
    -0.017
   -0.0172
   -0.0173
   -0.0172
   -0.0169
   -0.0161
   -0.0149
   -0.0129
   -0.0102
  -0.00677
  -0.00259
   0.00215
   0.00718
    0.0122
    0.0167
    0.0206
    0.0235
    0.0256
    0.0268
    0.0307
 -0.000774
 -0.000207
 -4.24e-05
  -8.6e-06
 -1.72e-06
 -3.37e-07
 -6.19e-08
 -8.38e-09
         0
         0
 -8.63e-09
 -6.35e-08
 -3.45e-07
 -1.75e-06
 -8.73e-06
  -4.3e-05
  -0.00021
 -0.000783
    0.0307
    0.0268
    0.0255
    0.0234
    0.0205
    0.0167
    0.0122
   0.00729
   0.00236
   -0.0023
  -0.00643
  -0.00986
   -0.0125
   -0.0145
   -0.0158
   -0.0165
   -0.0169
    -0.017
   -0.0169
   -0.0168
   -0.0166
   -0.0165
   -0.0164
   -0.0164
   -0.0164
   -0.0165
   -0.0166
   -0.0168
   -0.0169
    -0.017
   -0.0169
   -0.0165
   -0.0158
   -0.0145
   -0.0125
  -0.00986
  -0.00643
   -0.0023
   0.00236
   0.00729
    0.0122
    0.0167
    0.0205
    0.0234
    0.0255
    0.0268
    0.0307
 -0.000783
  -0.00021
  -4.3e-05
 -8.73e-06
 -1.75e-06
 -3.45e-07
 -6.35e-08
 -8.63e-09
         0
         0
 -8.86e-09
 -6.49e-08
 -3.51e-07
 -1.78e-06
 -8.85e-06
 -4.35e-05
 -0.000212
  -0.00079
    0.0306
    0.0267
    0.0254
    0.0233
    0.0204
    0.0166
    0.0122
   0.00741
   0.00256
  -0.00202
  -0.00609
  -0.00948
   -0.0121
   -0.0141
   -0.0154
   -0.0162
   -0.0166
   -0.0167
   -0.0167
   -0.0166
   -0.0164
   -0.0163
   -0.0162
   -0.0162
   -0.0162
   -0.0163
   -0.0164
   -0.0166
   -0.0167
   -0.0167
   -0.0166
   -0.0162
   -0.0154
   -0.0141
   -0.0121
  -0.00948
  -0.00609
  -0.00202
   0.00256
   0.00741
    0.0122
    0.0166
    0.0204
    0.0233
    0.0254
    0.0267
    0.0306
  -0.00079
 -0.000212
 -4.35e-05
 -8.85e-06
 -1.78e-06
 -3.51e-07
 -6.49e-08
 -8.86e-09
         0
         0
 -9.06e-09
 -6.61e-08
 -3.56e-07
  -1.8e-06
 -8.95e-06
 -4.39e-05
 -0.000214
 -0.000796
    0.0306
    0.0267
    0.0253
    0.0232
    0.0203
    0.0166
    0.0123
   0.00753
   0.00276
  -0.00175
  -0.00576
  -0.00912
   -0.0118
   -0.0137
   -0.0151
   -0.0159
   -0.0163
   -0.0165
   -0.0164
   -0.0163
   -0.0162
   -0.0161
    -0.016
    -0.016
    -0.016
   -0.0161
   -0.0162
   -0.0163
   -0.0164
   -0.0165
   -0.0163
   -0.0159
   -0.0151
   -0.0137
   -0.0118
  -0.00912
  -0.00576
  -0.00175
   0.00276
   0.00753
    0.0123
    0.0166
    0.0203
    0.0232
    0.0253
    0.0267
    0.0306
 -0.000796
 -0.000214
 -4.39e-05
 -8.95e-06
  -1.8e-06
 -3.56e-07
 -6.61e-08
 -9.06e-09
         0
         0
 -9.23e-09
 -6.72e-08
 -3.61e-07
 -1.82e-06
 -9.03e-06
 -4.43e-05
 -0.000216
 -0.000802
    0.0306
    0.0266
    0.0253
    0.0232
    0.0203
    0.0166
    0.0123
   0.00765
   0.00295
   -0.0015
  -0.00546
  -0.00879
   -0.0114
   -0.0134
   -0.0147
   -0.0156
    -0.016
   -0.0162
   -0.0162
   -0.0161
    -0.016
   -0.0159
   -0.0159
   -0.0158
   -0.0159
   -0.0159
    -0.016
   -0.0161
   -0.0162
   -0.0162
    -0.016
   -0.0156
   -0.0147
   -0.0134
   -0.0114
  -0.00879
  -0.00546
   -0.0015
   0.00295
   0.00765
    0.0123
    0.0166
    0.0203
    0.0232
    0.0253
    0.0266
    0.0306
 -0.000802
 -0.000216
 -4.43e-05
 -9.03e-06
 -1.82e-06
 -3.61e-07
 -6.72e-08
 -9.23e-09
         0
         0
 -9.38e-09
 -6.81e-08
 -3.65e-07
 -1.84e-06
  -9.1e-06
 -4.46e-05
 -0.000217
 -0.000806
    0.0306
    0.0266
    0.0252
    0.0231
    0.0202
    0.0166
    0.0123
   0.00775
   0.00312
  -0.00127
  -0.00519
  -0.00849
   -0.0111
   -0.0131
   -0.0144
   -0.0153
   -0.0157
   -0.0159
    -0.016
   -0.0159
   -0.0158
   -0.0157
   -0.0157
   -0.0157
   -0.0157
   -0.0157
   -0.0158
   -0.0159
    -0.016
   -0.0159
   -0.0157
   -0.0153
   -0.0144
   -0.0131
   -0.0111
  -0.00849
  -0.00519
  -0.00127
   0.00312
   0.00775
    0.0123
    0.0166
    0.0202
    0.0231
    0.0252
    0.0266
    0.0306
 -0.000806
 -0.000217
 -4.46e-05
  -9.1e-06
 -1.84e-06
 -3.65e-07
 -6.81e-08
 -9.38e-09
         0
         0
  -9.5e-09
 -6.89e-08
 -3.69e-07
 -1.86e-06
 -9.17e-06
 -4.49e-05
 -0.000218
  -0.00081
    0.0306
    0.0266
    0.0252
    0.0231
    0.0202
    0.0166
    0.0124
   0.00784
   0.00327
  -0.00107
  -0.00495
  -0.00822
   -0.0108
   -0.0128
   -0.0141
    -0.015
   -0.0155
   -0.0157
   -0.0158
   -0.0157
   -0.0157
   -0.0156
   -0.0155
   -0.0155
   -0.0155
   -0.0156
   -0.0157
   -0.0157
   -0.0158
   -0.0157
   -0.0155
    -0.015
   -0.0141
   -0.0128
   -0.0108
  -0.00822
  -0.00495
  -0.00107
   0.00327
   0.00784
    0.0124
    0.0166
    0.0202
    0.0231
    0.0252
    0.0266
    0.0306
  -0.00081
 -0.000218
 -4.49e-05
 -9.17e-06
 -1.86e-06
 -3.69e-07
 -6.89e-08
  -9.5e-09
         0
         0
 -9.61e-09
 -6.96e-08
 -3.72e-07
 -1.87e-06
 -9.22e-06
 -4.51e-05
 -0.000219
 -0.000813
    0.0306
    0.0266
    0.0251
     0.023
    0.0201
    0.0166
    0.0124
   0.00793
    0.0034
 -0.000892
  -0.00474
  -0.00799
   -0.0106
   -0.0125
   -0.0139
   -0.0148
   -0.0153
   -0.0155
   -0.0156
   -0.0156
   -0.0155
   -0.0154
   -0.0154
   -0.0154
   -0.0154
   -0.0154
   -0.0155
   -0.0156
   -0.0156
   -0.0155
   -0.0153
   -0.0148
   -0.0139
   -0.0125
   -0.0106
  -0.00799
  -0.00474
 -0.000892
    0.0034
   0.00793
    0.0124
    0.0166
    0.0201
     0.023
    0.0251
    0.0266
    0.0306
 -0.000813
 -0.000219
 -4.51e-05
 -9.22e-06
 -1.87e-06
 -3.72e-07
 -6.96e-08
 -9.61e-09
         0
         0
  -9.7e-09
 -7.01e-08
 -3.74e-07
 -1.88e-06
 -9.26e-06
 -4.52e-05
  -0.00022
 -0.000815
    0.0306
    0.0265
    0.0251
     0.023
    0.0201
    0.0166
    0.0124
     0.008
   0.00352
 -0.000738
  -0.00455
  -0.00778
   -0.0104
   -0.0123
   -0.0137
   -0.0146
   -0.0151
   -0.0154
   -0.0154
   -0.0154
   -0.0154
   -0.0153
   -0.0153
   -0.0152
   -0.0153
   -0.0153
   -0.0154
   -0.0154
   -0.0154
   -0.0154
   -0.0151
   -0.0146
   -0.0137
   -0.0123
   -0.0104
  -0.00778
  -0.00455
 -0.000738
   0.00352
     0.008
    0.0124
    0.0166
    0.0201
     0.023
    0.0251
    0.0265
    0.0306
 -0.000815
  -0.00022
 -4.52e-05
 -9.26e-06
 -1.88e-06
 -3.74e-07
 -7.01e-08
  -9.7e-09
         0
         0
 -9.77e-09
 -7.06e-08
 -3.76e-07
 -1.89e-06
 -9.29e-06
 -4.54e-05
  -0.00022
 -0.000817
    0.0306
    0.0265
    0.0251
    0.0229
    0.0201
    0.0166
    0.0125
   0.00806
   0.00362
 -0.000605
  -0.00439
  -0.00761
   -0.0102
   -0.0121
   -0.0135
   -0.0144
   -0.0149
   -0.0152
   -0.0153
   -0.0153
   -0.0153
   -0.0152
   -0.0152
   -0.0151
   -0.0152
   -0.0152
   -0.0153
   -0.0153
   -0.0153
   -0.0152
   -0.0149
   -0.0144
   -0.0135
   -0.0121
   -0.0102
  -0.00761
  -0.00439
 -0.000605
   0.00362
   0.00806
    0.0125
    0.0166
    0.0201
    0.0229
    0.0251
    0.0265
    0.0306
 -0.000817
  -0.00022
 -4.54e-05
 -9.29e-06
 -1.89e-06
 -3.76e-07
 -7.06e-08
 -9.77e-09
         0
         0
 -9.84e-09
  -7.1e-08
 -3.78e-07
 -1.89e-06
 -9.32e-06
 -4.55e-05
 -0.000221
 -0.000818
    0.0306
    0.0265
     0.025
    0.0229
    0.0201
    0.0166
    0.0125
   0.00812
    0.0037
 -0.000492
  -0.00426
  -0.00746
     -0.01
    -0.012
   -0.0134
   -0.0143
   -0.0148
   -0.0151
   -0.0152
   -0.0152
   -0.0151
   -0.0151
   -0.0151
    -0.015
   -0.0151
   -0.0151
   -0.0151
   -0.0152
   -0.0152
   -0.0151
   -0.0148
   -0.0143
   -0.0134
    -0.012
     -0.01
  -0.00746
  -0.00426
 -0.000492
    0.0037
   0.00812
    0.0125
    0.0166
    0.0201
    0.0229
     0.025
    0.0265
    0.0306
 -0.000818
 -0.000221
 -4.55e-05
 -9.32e-06
 -1.89e-06
 -3.78e-07
  -7.1e-08
 -9.84e-09
         0
         0
 -9.88e-09
 -7.13e-08
 -3.79e-07
  -1.9e-06
 -9.34e-06
 -4.56e-05
 -0.000221
 -0.000819
    0.0306
    0.0265
     0.025
    0.0229
    0.0201
    0.0166
    0.0125
   0.00816
   0.00378
 -0.000396
  -0.00414
  -0.00733
  -0.00989
   -0.0118
   -0.0132
   -0.0141
   -0.0147
    -0.015
   -0.0151
   -0.0151
   -0.0151
    -0.015
    -0.015
    -0.015
    -0.015
    -0.015
   -0.0151
   -0.0151
   -0.0151
    -0.015
   -0.0147
   -0.0141
   -0.0132
   -0.0118
  -0.00989
  -0.00733
  -0.00414
 -0.000396
   0.00378
   0.00816
    0.0125
    0.0166
    0.0201
    0.0229
     0.025
    0.0265
    0.0306
 -0.000819
 -0.000221
 -4.56e-05
 -9.34e-06
  -1.9e-06
 -3.79e-07
 -7.13e-08
 -9.88e-09
         0
         0
 -9.92e-09
 -7.15e-08
  -3.8e-07
  -1.9e-06
 -9.36e-06
 -4.57e-05
 -0.000222
  -0.00082
    0.0306
    0.0265
     0.025
    0.0229
    0.0201
    0.0166
    0.0125
    0.0082
   0.00384
 -0.000316
  -0.00405
  -0.00722
  -0.00978
   -0.0117
   -0.0131
    -0.014
   -0.0146
   -0.0149
    -0.015
    -0.015
    -0.015
   -0.0149
   -0.0149
   -0.0149
   -0.0149
   -0.0149
    -0.015
    -0.015
    -0.015
   -0.0149
   -0.0146
    -0.014
   -0.0131
   -0.0117
  -0.00978
  -0.00722
  -0.00405
 -0.000316
   0.00384
    0.0082
    0.0125
    0.0166
    0.0201
    0.0229
     0.025
    0.0265
    0.0306
  -0.00082
 -0.000222
 -4.57e-05
 -9.36e-06
  -1.9e-06
  -3.8e-07
 -7.15e-08
 -9.92e-09
         0
         0
 -9.95e-09
 -7.17e-08
 -3.81e-07
 -1.91e-06
 -9.37e-06
 -4.57e-05
 -0.000222
 -0.000821
    0.0306
    0.0265
     0.025
    0.0229
    0.0201
    0.0166
    0.0125
   0.00824
   0.00389
 -0.000251
  -0.00397
  -0.00714
  -0.00969
   -0.0116
    -0.013
   -0.0139
   -0.0145
   -0.0148
   -0.0149
   -0.0149
   -0.0149
   -0.0148
   -0.0148
   -0.0148
   -0.0148
   -0.0148
   -0.0149
   -0.0149
   -0.0149
   -0.0148
   -0.0145
   -0.0139
    -0.013
   -0.0116
  -0.00969
  -0.00714
  -0.00397
 -0.000251
   0.00389
   0.00824
    0.0125
    0.0166
    0.0201
    0.0229
     0.025
    0.0265
    0.0306
 -0.000821
 -0.000222
 -4.57e-05
 -9.37e-06
 -1.91e-06
 -3.81e-07
 -7.17e-08
 -9.95e-09
         0
         0
 -9.97e-09
 -7.18e-08
 -3.81e-07
 -1.91e-06
 -9.37e-06
 -4.57e-05
 -0.000222
  -0.00082
    0.0305
    0.0265
     0.025
    0.0229
    0.0201
    0.0166
    0.0126
   0.00826
   0.00393
   -0.0002
  -0.00391
  -0.00707
  -0.00962
   -0.0116
   -0.0129
   -0.0139
   -0.0144
   -0.0147
   -0.0148
   -0.0148
   -0.0148
   -0.0148
   -0.0147
   -0.0147
   -0.0147
   -0.0148
   -0.0148
   -0.0148
   -0.0148
   -0.0147
   -0.0144
   -0.0139
   -0.0129
   -0.0116
  -0.00962
  -0.00707
  -0.00391
   -0.0002
   0.00393
   0.00826
    0.0126
    0.0166
    0.0201
    0.0229
     0.025
    0.0265
    0.0305
  -0.00082
 -0.000222
 -4.57e-05
 -9.37e-06
 -1.91e-06
 -3.81e-07
 -7.18e-08
 -9.97e-09
         0
         0
 -9.97e-09
 -7.18e-08
 -3.81e-07
 -1.91e-06
 -9.37e-06
 -4.57e-05
 -0.000222
  -0.00082
    0.0305
    0.0265
     0.025
    0.0229
    0.0201
    0.0166
    0.0126
   0.00829
   0.00396
 -0.000162
  -0.00387
  -0.00702
  -0.00956
   -0.0115
   -0.0129
   -0.0138
   -0.0144
   -0.0146
   -0.0148
   -0.0148
   -0.0147
   -0.0147
   -0.0147
   -0.0146
   -0.0147
   -0.0147
   -0.0147
   -0.0148
   -0.0148
   -0.0146
   -0.0144
   -0.0138
   -0.0129
   -0.0115
  -0.00956
  -0.00702
  -0.00387
 -0.000162
   0.00396
   0.00829
    0.0126
    0.0166
    0.0201
    0.0229
     0.025
    0.0265
    0.0305
  -0.00082
 -0.000222
 -4.57e-05
 -9.37e-06
 -1.91e-06
 -3.81e-07
 -7.18e-08
 -9.97e-09
         0
         0
 -9.97e-09
 -7.18e-08
 -3.81e-07
  -1.9e-06
 -9.36e-06
 -4.56e-05
 -0.000221
 -0.000819
    0.0306
    0.0265
     0.025
    0.0229
    0.0201
    0.0166
    0.0126
    0.0083
   0.00398
 -0.000136
  -0.00384
  -0.00699
  -0.00953
   -0.0115
   -0.0128
   -0.0138
   -0.0143
   -0.0146
   -0.0147
   -0.0147
   -0.0147
   -0.0146
   -0.0146
   -0.0146
   -0.0146
   -0.0146
   -0.0147
   -0.0147
   -0.0147
   -0.0146
   -0.0143
   -0.0138
   -0.0128
   -0.0115
  -0.00953
  -0.00699
  -0.00384
 -0.000136
   0.00398
    0.0083
    0.0126
    0.0166
    0.0201
    0.0229
     0.025
    0.0265
    0.0306
 -0.000819
 -0.000221
 -4.56e-05
 -9.36e-06
  -1.9e-06
 -3.81e-07
 -7.18e-08
 -9.97e-09
         0
         0
 -9.95e-09
 -7.16e-08
  -3.8e-07
  -1.9e-06
 -9.34e-06
 -4.55e-05
 -0.000221
 -0.000817
    0.0306
    0.0265
     0.025
    0.0229
    0.0201
    0.0166
    0.0126
   0.00831
   0.00399
 -0.000125
  -0.00382
  -0.00697
  -0.00951
   -0.0114
   -0.0128
   -0.0137
   -0.0142
   -0.0145
   -0.0146
   -0.0146
   -0.0146
   -0.0145
   -0.0145
   -0.0145
   -0.0145
   -0.0145
   -0.0146
   -0.0146
   -0.0146
   -0.0145
   -0.0142
   -0.0137
   -0.0128
   -0.0114
  -0.00951
  -0.00697
  -0.00382
 -0.000125
   0.00399
   0.00831
    0.0126
    0.0166
    0.0201
    0.0229
     0.025
    0.0265
    0.0306
 -0.000817
 -0.000221
 -4.55e-05
 -9.34e-06
  -1.9e-06
  -3.8e-07
 -7.16e-08
 -9.95e-09
         0
         0
 -9.92e-09
 -7.14e-08
 -3.79e-07
 -1.89e-06
 -9.31e-06
 -4.54e-05
  -0.00022
 -0.000814
    0.0306
    0.0265
     0.025
    0.0229
    0.0201
    0.0166
    0.0126
   0.00832
   0.00399
 -0.000129
  -0.00383
  -0.00698
  -0.00951
   -0.0114
   -0.0128
   -0.0137
   -0.0142
   -0.0145
   -0.0145
   -0.0145
   -0.0145
   -0.0144
   -0.0143
   -0.0143
   -0.0143
   -0.0144
   -0.0145
   -0.0145
   -0.0145
   -0.0145
   -0.0142
   -0.0137
   -0.0128
   -0.0114
  -0.00951
  -0.00698
  -0.00383
 -0.000129
   0.00399
   0.00832
    0.0126
    0.0166
    0.0201
    0.0229
     0.025
    0.0265
    0.0306
 -0.000814
  -0.00022
 -4.54e-05
 -9.31e-06
 -1.89e-06
 -3.79e-07
 -7.14e-08
 -9.92e-09
         0
         0
 -9.87e-09
  -7.1e-08
 -3.77e-07
 -1.88e-06
 -9.26e-06
 -4.51e-05
 -0.000219
  -0.00081
    0.0306
    0.0265
     0.025
    0.0229
    0.0201
    0.0166
    0.0126
   0.00832
   0.00398
 -0.000154
  -0.00386
  -0.00701
  -0.00954
   -0.0114
   -0.0128
   -0.0137
   -0.0142
   -0.0144
   -0.0144
   -0.0144
   -0.0143
   -0.0142
   -0.0142
   -0.0142
   -0.0142
   -0.0142
   -0.0143
   -0.0144
   -0.0144
   -0.0144
   -0.0142
   -0.0137
   -0.0128
   -0.0114
  -0.00954
  -0.00701
  -0.00386
 -0.000154
   0.00398
   0.00832
    0.0126
    0.0166
    0.0201
    0.0229
     0.025
    0.0265
    0.0306
  -0.00081
 -0.000219
 -4.51e-05
 -9.26e-06
 -1.88e-06
 -3.77e-07
  -7.1e-08
 -9.87e-09
         0
         0
 -9.79e-09
 -7.05e-08
 -3.74e-07
 -1.87e-06
 -9.19e-06
 -4.48e-05
 -0.000217
 -0.000805
    0.0306
    0.0265
     0.025
    0.0229
    0.0201
    0.0166
    0.0126
    0.0083
   0.00394
 -0.000209
  -0.00393
  -0.00708
   -0.0096
   -0.0115
   -0.0128
   -0.0136
   -0.0141
   -0.0143
   -0.0143
   -0.0142
   -0.0141
    -0.014
    -0.014
   -0.0139
    -0.014
    -0.014
   -0.0141
   -0.0142
   -0.0143
   -0.0143
   -0.0141
   -0.0136
   -0.0128
   -0.0115
   -0.0096
  -0.00708
  -0.00393
 -0.000209
   0.00394
    0.0083
    0.0126
    0.0166
    0.0201
    0.0229
     0.025
    0.0265
    0.0306
 -0.000805
 -0.000217
 -4.48e-05
 -9.19e-06
 -1.87e-06
 -3.74e-07
 -7.05e-08
 -9.79e-09
         0
         0
 -9.69e-09
 -6.98e-08
  -3.7e-07
 -1.85e-06
  -9.1e-06
 -4.44e-05
 -0.000215
 -0.000798
    0.0306
    0.0265
    0.0251
     0.023
    0.0201
    0.0166
    0.0126
   0.00826
   0.00387
 -0.000306
  -0.00405
   -0.0072
  -0.00971
   -0.0116
   -0.0129
   -0.0136
   -0.0141
   -0.0142
   -0.0142
    -0.014
   -0.0139
   -0.0137
   -0.0137
   -0.0136
   -0.0137
   -0.0137
   -0.0139
    -0.014
   -0.0142
   -0.0142
   -0.0141
   -0.0136
   -0.0129
   -0.0116
  -0.00971
   -0.0072
  -0.00405
 -0.000306
   0.00387
   0.00826
    0.0126
    0.0166
    0.0201
     0.023
    0.0251
    0.0265
    0.0306
 -0.000798
 -0.000215
 -4.44e-05
  -9.1e-06
 -1.85e-06
  -3.7e-07
 -6.98e-08
 -9.69e-09
         0
      10.2
      10.2
      10.2
      10.2
      10.2
      10.2
      10.2
      10.2
      10.2
      10.2
      10.1
       9.9
      9.68
      9.42
      9.13
      8.83
      8.53
      8.24
      7.97
      7.72
       7.5
       7.3
      7.11
      6.95
      6.81
      6.69
      6.58
      6.49
      6.41
      6.36
      6.32
      6.29
      6.28
      6.29
      6.32
      6.36
      6.41
      6.49
      6.58
      6.69
      6.81
      6.95
      7.11
       7.3
       7.5
      7.72
      7.97
      8.24
      8.53
      8.83
      9.13
      9.42
      9.68
       9.9
      10.1
      10.2
      10.2
      10.2
      10.2
      10.2
      10.2
      10.2
      10.2
      10.2
      10.2
