       6.4
       6.4
       6.4
      6.39
      6.38
      6.36
      6.35
      6.33
      6.31
       6.3
      6.21
      6.05
      5.82
      5.56
      5.27
      4.97
      4.67
      4.38
      4.11
      3.86
      3.63
      3.43
      3.25
      3.08
      2.94
      2.82
      2.71
      2.62
      2.55
      2.49
      2.45
      2.42
      2.41
      2.42
      2.45
      2.49
      2.55
      2.62
      2.71
      2.82
      2.94
      3.08
      3.25
      3.43
      3.63
      3.86
      4.11
      4.38
      4.67
      4.97
      5.27
      5.56
      5.82
      6.05
      6.21
       6.3
      6.31
      6.33
      6.35
      6.36
      6.38
      6.39
       6.4
       6.4
       6.4
         0
 -1.38e-08
 -9.93e-08
 -5.27e-07
 -2.64e-06
  -1.3e-05
 -6.32e-05
 -0.000307
  -0.00104
    0.0453
    0.0375
    0.0354
    0.0324
    0.0284
    0.0235
    0.0178
    0.0117
   0.00553
 -0.000344
  -0.00561
   -0.0101
   -0.0136
   -0.0163
   -0.0182
   -0.0193
     -0.02
   -0.0202
   -0.0202
   -0.0201
     -0.02
   -0.0198
   -0.0197
   -0.0197
   -0.0197
   -0.0198
     -0.02
   -0.0201
   -0.0202
   -0.0202
     -0.02
   -0.0193
   -0.0182
   -0.0163
   -0.0136
   -0.0101
  -0.00561
 -0.000344
   0.00553
    0.0117
    0.0178
    0.0235
    0.0284
    0.0324
    0.0354
    0.0375
    0.0453
  -0.00104
 -0.000307
 -6.32e-05
  -1.3e-05
 -2.64e-06
 -5.27e-07
 -9.93e-08
 -1.38e-08
         0
         0
  -1.4e-08
 -1.01e-07
 -5.34e-07
 -2.67e-06
 -1.31e-05
  -6.4e-05
  -0.00031
  -0.00105
    0.0453
    0.0375
    0.0354
    0.0324
    0.0284
    0.0235
    0.0178
    0.0117
   0.00561
 -0.000228
  -0.00547
  -0.00992
   -0.0135
   -0.0162
   -0.0181
   -0.0194
   -0.0201
   -0.0205
   -0.0206
   -0.0205
   -0.0204
   -0.0204
   -0.0203
   -0.0203
   -0.0203
   -0.0204
   -0.0204
   -0.0205
   -0.0206
   -0.0205
   -0.0201
   -0.0194
   -0.0181
   -0.0162
   -0.0135
  -0.00992
  -0.00547
 -0.000228
   0.00561
    0.0117
    0.0178
    0.0235
    0.0284
    0.0324
    0.0354
    0.0375
    0.0453
  -0.00105
  -0.00031
  -6.4e-05
 -1.31e-05
 -2.67e-06
 -5.34e-07
 -1.01e-07
  -1.4e-08
         0
         0
  -1.4e-08
 -1.01e-07
 -5.37e-07
 -2.68e-06
 -1.32e-05
 -6.44e-05
 -0.000312
  -0.00105
    0.0453
    0.0374
    0.0354
    0.0324
    0.0284
    0.0234
    0.0178
    0.0117
   0.00559
 -0.000239
  -0.00548
  -0.00994
   -0.0135
   -0.0163
   -0.0182
   -0.0195
   -0.0203
   -0.0207
   -0.0208
   -0.0208
   -0.0207
   -0.0207
   -0.0206
   -0.0206
   -0.0206
   -0.0207
   -0.0207
   -0.0208
   -0.0208
   -0.0207
   -0.0203
   -0.0195
   -0.0182
   -0.0163
   -0.0135
  -0.00994
  -0.00548
 -0.000239
   0.00559
    0.0117
    0.0178
    0.0234
    0.0284
    0.0324
    0.0354
    0.0374
    0.0453
  -0.00105
 -0.000312
 -6.44e-05
 -1.32e-05
 -2.68e-06
 -5.37e-07
 -1.01e-07
  -1.4e-08
         0
         0
  -1.4e-08
 -1.01e-07
 -5.37e-07
 -2.69e-06
 -1.32e-05
 -6.44e-05
 -0.000313
  -0.00106
    0.0453
    0.0375
    0.0354
    0.0324
    0.0284
    0.0234
    0.0178
    0.0117
   0.00551
 -0.000335
  -0.00559
   -0.0101
   -0.0137
   -0.0164
   -0.0184
   -0.0197
   -0.0204
   -0.0209
    -0.021
    -0.021
    -0.021
   -0.0209
   -0.0209
   -0.0208
   -0.0209
   -0.0209
    -0.021
    -0.021
    -0.021
   -0.0209
   -0.0204
   -0.0197
   -0.0184
   -0.0164
   -0.0137
   -0.0101
  -0.00559
 -0.000335
   0.00551
    0.0117
    0.0178
    0.0234
    0.0284
    0.0324
    0.0354
    0.0375
    0.0453
  -0.00106
 -0.000313
 -6.44e-05
 -1.32e-05
 -2.69e-06
 -5.37e-07
 -1.01e-07
  -1.4e-08
         0
         0
 -1.39e-08
 -1.01e-07
 -5.35e-07
 -2.68e-06
 -1.32e-05
 -6.43e-05
 -0.000312
  -0.00105
    0.0453
    0.0375
    0.0354
    0.0324
    0.0284
    0.0234
    0.0177
    0.0116
   0.00538
 -0.000509
   -0.0058
   -0.0103
   -0.0139
   -0.0167
   -0.0186
   -0.0199
   -0.0207
   -0.0211
   -0.0212
   -0.0213
   -0.0212
   -0.0211
   -0.0211
   -0.0211
   -0.0211
   -0.0211
   -0.0212
   -0.0213
   -0.0212
   -0.0211
   -0.0207
   -0.0199
   -0.0186
   -0.0167
   -0.0139
   -0.0103
   -0.0058
 -0.000509
   0.00538
    0.0116
    0.0177
    0.0234
    0.0284
    0.0324
    0.0354
    0.0375
    0.0453
  -0.00105
 -0.000312
 -6.43e-05
 -1.32e-05
 -2.68e-06
 -5.35e-07
 -1.01e-07
 -1.39e-08
         0
         0
 -1.38e-08
 -9.95e-08
  -5.3e-07
 -2.66e-06
 -1.31e-05
  -6.4e-05
 -0.000311
  -0.00105
    0.0453
    0.0375
    0.0354
    0.0325
    0.0284
    0.0234
    0.0177
    0.0115
   0.00519
 -0.000774
  -0.00612
   -0.0107
   -0.0143
    -0.017
    -0.019
   -0.0203
    -0.021
   -0.0214
   -0.0215
   -0.0215
   -0.0215
   -0.0214
   -0.0213
   -0.0213
   -0.0213
   -0.0214
   -0.0215
   -0.0215
   -0.0215
   -0.0214
    -0.021
   -0.0203
    -0.019
    -0.017
   -0.0143
   -0.0107
  -0.00612
 -0.000774
   0.00519
    0.0115
    0.0177
    0.0234
    0.0284
    0.0325
    0.0354
    0.0375
    0.0453
  -0.00105
 -0.000311
  -6.4e-05
 -1.31e-05
 -2.66e-06
  -5.3e-07
 -9.95e-08
 -1.38e-08
         0
         0
 -1.35e-08
  -9.8e-08
 -5.24e-07
 -2.63e-06
  -1.3e-05
 -6.36e-05
 -0.000309
  -0.00104
    0.0454
    0.0376
    0.0355
    0.0326
    0.0285
    0.0235
    0.0176
    0.0113
   0.00491
  -0.00115
  -0.00657
   -0.0112
   -0.0148
   -0.0176
   -0.0195
   -0.0208
   -0.0215
   -0.0218
   -0.0219
   -0.0219
   -0.0218
   -0.0217
   -0.0216
   -0.0216
   -0.0216
   -0.0217
   -0.0218
   -0.0219
   -0.0219
   -0.0218
   -0.0215
   -0.0208
   -0.0195
   -0.0176
   -0.0148
   -0.0112
  -0.00657
  -0.00115
   0.00491
    0.0113
    0.0176
    0.0235
    0.0285
    0.0326
    0.0355
    0.0376
    0.0454
  -0.00104
 -0.000309
 -6.36e-05
  -1.3e-05
 -2.63e-06
 -5.24e-07
  -9.8e-08
 -1.35e-08
         0
         0
 -1.32e-08
 -9.58e-08
 -5.14e-07
 -2.59e-06
 -1.28e-05
 -6.28e-05
 -0.000306
  -0.00104
    0.0454
    0.0376
    0.0357
    0.0327
    0.0286
    0.0235
    0.0175
    0.0111
   0.00454
  -0.00165
  -0.00718
   -0.0118
   -0.0155
   -0.0183
   -0.0202
   -0.0214
   -0.0221
   -0.0224
   -0.0224
   -0.0224
   -0.0222
   -0.0221
    -0.022
    -0.022
    -0.022
   -0.0221
   -0.0222
   -0.0224
   -0.0224
   -0.0224
   -0.0221
   -0.0214
   -0.0202
   -0.0183
   -0.0155
   -0.0118
  -0.00718
  -0.00165
   0.00454
    0.0111
    0.0175
    0.0235
    0.0286
    0.0327
    0.0357
    0.0376
    0.0454
  -0.00104
 -0.000306
 -6.28e-05
 -1.28e-05
 -2.59e-06
 -5.14e-07
 -9.58e-08
 -1.32e-08
         0
         0
 -1.27e-08
 -9.28e-08
    -5e-07
 -2.53e-06
 -1.26e-05
 -6.18e-05
 -0.000301
  -0.00102
    0.0454
    0.0377
    0.0358
    0.0329
    0.0288
    0.0236
    0.0174
    0.0108
   0.00406
  -0.00231
  -0.00798
   -0.0127
   -0.0165
   -0.0192
   -0.0211
   -0.0223
   -0.0229
   -0.0231
   -0.0231
    -0.023
   -0.0228
   -0.0226
   -0.0225
   -0.0225
   -0.0225
   -0.0226
   -0.0228
    -0.023
   -0.0231
   -0.0231
   -0.0229
   -0.0223
   -0.0211
   -0.0192
   -0.0165
   -0.0127
  -0.00798
  -0.00231
   0.00406
    0.0108
    0.0174
    0.0236
    0.0288
    0.0329
    0.0358
    0.0377
    0.0454
  -0.00102
 -0.000301
 -6.18e-05
 -1.26e-05
 -2.53e-06
    -5e-07
 -9.28e-08
 -1.27e-08
         0
         0
  -1.2e-08
 -8.85e-08
 -4.81e-07
 -2.45e-06
 -1.22e-05
 -6.03e-05
 -0.000295
    -0.001
    0.0455
    0.0379
    0.0361
    0.0332
    0.0291
    0.0237
    0.0173
    0.0104
   0.00347
  -0.00312
  -0.00896
   -0.0138
   -0.0176
   -0.0204
   -0.0222
   -0.0233
   -0.0238
   -0.0239
   -0.0238
   -0.0236
   -0.0234
   -0.0232
   -0.0231
   -0.0231
   -0.0231
   -0.0232
   -0.0234
   -0.0236
   -0.0238
   -0.0239
   -0.0238
   -0.0233
   -0.0222
   -0.0204
   -0.0176
   -0.0138
  -0.00896
  -0.00312
   0.00347
    0.0104
    0.0173
    0.0237
    0.0291
    0.0332
    0.0361
    0.0379
    0.0455
    -0.001
 -0.000295
 -6.03e-05
 -1.22e-05
 -2.45e-06
 -4.81e-07
 -8.85e-08
  -1.2e-08
         0
         0
 -1.11e-08
  -8.3e-08
 -4.57e-07
 -2.35e-06
 -1.18e-05
 -5.83e-05
 -0.000286
 -0.000976
    0.0456
    0.0381
    0.0364
    0.0336
    0.0294
    0.0239
    0.0173
    0.0101
    0.0028
  -0.00405
   -0.0101
   -0.0151
   -0.0189
   -0.0216
   -0.0234
   -0.0244
   -0.0248
   -0.0248
   -0.0246
   -0.0243
    -0.024
   -0.0238
   -0.0236
   -0.0236
   -0.0236
   -0.0238
    -0.024
   -0.0243
   -0.0246
   -0.0248
   -0.0248
   -0.0244
   -0.0234
   -0.0216
   -0.0189
   -0.0151
   -0.0101
  -0.00405
    0.0028
    0.0101
    0.0173
    0.0239
    0.0294
    0.0336
    0.0364
    0.0381
    0.0456
 -0.000976
 -0.000286
 -5.83e-05
 -1.18e-05
 -2.35e-06
 -4.57e-07
  -8.3e-08
 -1.11e-08
         0
         0
    -1e-08
 -7.62e-08
 -4.26e-07
 -2.21e-06
 -1.12e-05
 -5.57e-05
 -0.000275
  -0.00094
    0.0457
    0.0383
    0.0368
     0.034
    0.0298
    0.0241
    0.0173
   0.00978
    0.0022
   -0.0049
   -0.0111
   -0.0162
   -0.0201
   -0.0227
   -0.0244
   -0.0253
   -0.0256
   -0.0255
   -0.0252
   -0.0248
   -0.0244
   -0.0241
   -0.0239
   -0.0239
   -0.0239
   -0.0241
   -0.0244
   -0.0248
   -0.0252
   -0.0255
   -0.0256
   -0.0253
   -0.0244
   -0.0227
   -0.0201
   -0.0162
   -0.0111
   -0.0049
    0.0022
   0.00978
    0.0173
    0.0241
    0.0298
     0.034
    0.0368
    0.0383
    0.0457
  -0.00094
 -0.000275
 -5.57e-05
 -1.12e-05
 -2.21e-06
 -4.26e-07
 -7.62e-08
    -1e-08
         0
      19.3
 -8.86e-09
 -6.85e-08
  -3.9e-07
 -2.05e-06
 -1.05e-05
 -5.25e-05
  -0.00026
 -0.000893
    0.0458
    0.0385
    0.0372
    0.0345
    0.0303
    0.0245
    0.0175
   0.00978
     0.002
  -0.00528
   -0.0116
   -0.0167
   -0.0205
   -0.0232
   -0.0247
   -0.0254
   -0.0256
   -0.0254
   -0.0249
   -0.0244
    -0.024
   -0.0236
   -0.0234
   -0.0233
   -0.0234
   -0.0236
    -0.024
   -0.0244
   -0.0249
   -0.0254
   -0.0256
   -0.0254
   -0.0247
   -0.0232
   -0.0205
   -0.0167
   -0.0116
  -0.00528
     0.002
   0.00978
    0.0175
    0.0245
    0.0303
    0.0345
    0.0372
    0.0385
    0.0458
 -0.000893
  -0.00026
 -5.25e-05
 -1.05e-05
 -2.05e-06
  -3.9e-07
 -6.85e-08
 -8.86e-09
      19.3
      19.3
 -7.38e-09
 -5.91e-08
 -3.46e-07
 -1.86e-06
 -9.59e-06
 -4.84e-05
 -0.000241
 -0.000831
    0.0459
    0.0388
    0.0376
    0.0351
    0.0309
    0.0252
    0.0182
    0.0105
    0.0028
  -0.00441
   -0.0106
   -0.0156
   -0.0193
   -0.0218
   -0.0232
   -0.0238
   -0.0238
   -0.0234
   -0.0229
   -0.0223
   -0.0218
   -0.0214
   -0.0212
   -0.0211
   -0.0212
   -0.0214
   -0.0218
   -0.0223
   -0.0229
   -0.0234
   -0.0238
   -0.0238
   -0.0232
   -0.0218
   -0.0193
   -0.0156
   -0.0106
  -0.00441
    0.0028
    0.0105
    0.0182
    0.0252
    0.0309
    0.0351
    0.0376
    0.0388
    0.0459
 -0.000831
 -0.000241
 -4.84e-05
 -9.59e-06
 -1.86e-06
 -3.46e-07
 -5.91e-08
 -7.38e-09
      19.3
      19.3
 -6.08e-09
    -5e-08
 -2.99e-07
 -1.63e-06
 -8.45e-06
 -4.29e-05
 -0.000214
 -0.000741
     0.046
     0.039
    0.0379
    0.0357
    0.0319
    0.0265
      0.02
    0.0129
   0.00565
  -0.00104
   -0.0068
   -0.0114
   -0.0147
   -0.0169
   -0.0181
   -0.0185
   -0.0184
    -0.018
   -0.0174
   -0.0168
   -0.0162
   -0.0158
   -0.0156
   -0.0155
   -0.0156
   -0.0158
   -0.0162
   -0.0168
   -0.0174
    -0.018
   -0.0184
   -0.0185
   -0.0181
   -0.0169
   -0.0147
   -0.0114
   -0.0068
  -0.00104
   0.00565
    0.0129
      0.02
    0.0265
    0.0319
    0.0357
    0.0379
     0.039
     0.046
 -0.000741
 -0.000214
 -4.29e-05
 -8.45e-06
 -1.63e-06
 -2.99e-07
    -5e-08
 -6.08e-09
      19.3
      19.3
 -4.78e-09
 -3.95e-08
 -2.37e-07
 -1.29e-06
 -6.74e-06
 -3.42e-05
 -0.000171
 -0.000592
    0.0462
    0.0393
    0.0384
    0.0365
    0.0334
    0.0291
    0.0238
    0.0179
     0.012
   0.00656
   0.00189
  -0.00181
  -0.00448
  -0.00619
  -0.00707
  -0.00733
  -0.00714
   -0.0067
  -0.00614
  -0.00558
  -0.00509
  -0.00471
  -0.00448
   -0.0044
  -0.00448
  -0.00471
  -0.00509
  -0.00558
  -0.00614
   -0.0067
  -0.00714
  -0.00733
  -0.00707
  -0.00619
  -0.00448
  -0.00181
   0.00189
   0.00656
     0.012
    0.0179
    0.0238
    0.0291
    0.0334
    0.0365
    0.0384
    0.0393
    0.0462
 -0.000592
 -0.000171
 -3.42e-05
 -6.74e-06
 -1.29e-06
 -2.37e-07
 -3.95e-08
 -4.78e-09
      19.3
      19.3
 -3.14e-09
  -2.6e-08
 -1.56e-07
 -8.46e-07
  -4.4e-06
 -2.23e-05
 -0.000111
 -0.000384
 -0.000527
 -0.000674
  -0.00124
  -0.00246
   -0.0045
  -0.00737
   -0.0109
   -0.0148
   -0.0187
   -0.0223
   -0.0254
   -0.0278
   -0.0295
   -0.0306
   -0.0311
   -0.0313
   -0.0311
   -0.0307
   -0.0303
   -0.0299
   -0.0295
   -0.0292
   -0.0291
    -0.029
   -0.0291
   -0.0292
   -0.0295
   -0.0299
   -0.0303
   -0.0307
   -0.0311
   -0.0313
   -0.0311
   -0.0306
   -0.0295
   -0.0278
   -0.0254
   -0.0223
   -0.0187
   -0.0148
   -0.0109
  -0.00737
   -0.0045
  -0.00246
  -0.00124
 -0.000674
 -0.000527
 -0.000384
 -0.000111
 -2.23e-05
  -4.4e-06
 -8.46e-07
 -1.56e-07
  -2.6e-08
 -3.14e-09
      19.3
      19.3
 -2.45e-09
 -2.01e-08
 -1.19e-07
 -6.47e-07
 -3.35e-06
 -1.69e-05
 -8.43e-05
 -0.000291
 -0.000402
 -0.000523
 -0.000967
   -0.0019
  -0.00346
  -0.00564
  -0.00833
   -0.0113
   -0.0143
    -0.017
   -0.0193
   -0.0212
   -0.0225
   -0.0233
   -0.0236
   -0.0237
   -0.0235
   -0.0232
   -0.0228
   -0.0225
   -0.0222
    -0.022
   -0.0218
   -0.0218
   -0.0218
    -0.022
   -0.0222
   -0.0225
   -0.0228
   -0.0232
   -0.0235
   -0.0237
   -0.0236
   -0.0233
   -0.0225
   -0.0212
   -0.0193
    -0.017
   -0.0143
   -0.0113
  -0.00833
  -0.00564
  -0.00346
   -0.0019
 -0.000967
 -0.000523
 -0.000402
 -0.000291
 -8.43e-05
 -1.69e-05
 -3.35e-06
 -6.47e-07
 -1.19e-07
 -2.01e-08
 -2.45e-09
      19.3
      19.3
 -2.11e-09
 -1.72e-08
 -1.02e-07
 -5.48e-07
 -2.83e-06
 -1.43e-05
  -7.1e-05
 -0.000245
 -0.000341
 -0.000448
 -0.000831
  -0.00162
  -0.00294
  -0.00479
  -0.00706
  -0.00955
   -0.0121
   -0.0144
   -0.0163
   -0.0179
    -0.019
   -0.0196
   -0.0199
   -0.0199
   -0.0197
   -0.0195
   -0.0192
   -0.0188
   -0.0186
   -0.0184
   -0.0182
   -0.0182
   -0.0182
   -0.0184
   -0.0186
   -0.0188
   -0.0192
   -0.0195
   -0.0197
   -0.0199
   -0.0199
   -0.0196
    -0.019
   -0.0179
   -0.0163
   -0.0144
   -0.0121
  -0.00955
  -0.00706
  -0.00479
  -0.00294
  -0.00162
 -0.000831
 -0.000448
 -0.000341
 -0.000245
  -7.1e-05
 -1.43e-05
 -2.83e-06
 -5.48e-07
 -1.02e-07
 -1.72e-08
 -2.11e-09
      19.3
      19.3
 -1.93e-09
 -1.56e-08
 -9.17e-08
 -4.93e-07
 -2.54e-06
 -1.28e-05
 -6.35e-05
 -0.000219
 -0.000306
 -0.000407
 -0.000755
  -0.00147
  -0.00265
   -0.0043
  -0.00633
  -0.00856
   -0.0108
   -0.0129
   -0.0146
    -0.016
    -0.017
   -0.0175
   -0.0178
   -0.0178
   -0.0176
   -0.0174
   -0.0171
   -0.0168
   -0.0165
   -0.0163
   -0.0162
   -0.0162
   -0.0162
   -0.0163
   -0.0165
   -0.0168
   -0.0171
   -0.0174
   -0.0176
   -0.0178
   -0.0178
   -0.0175
    -0.017
    -0.016
   -0.0146
   -0.0129
   -0.0108
  -0.00856
  -0.00633
   -0.0043
  -0.00265
  -0.00147
 -0.000755
 -0.000407
 -0.000306
 -0.000219
 -6.35e-05
 -1.28e-05
 -2.54e-06
 -4.93e-07
 -9.17e-08
 -1.56e-08
 -1.93e-09
      19.3
      19.3
 -1.82e-09
 -1.46e-08
 -8.57e-08
 -4.59e-07
 -2.36e-06
 -1.19e-05
  -5.9e-05
 -0.000203
 -0.000285
 -0.000382
 -0.000708
  -0.00137
  -0.00247
  -0.00401
  -0.00588
  -0.00795
     -0.01
   -0.0119
   -0.0136
   -0.0148
   -0.0157
   -0.0163
   -0.0165
   -0.0165
   -0.0163
   -0.0161
   -0.0158
   -0.0155
   -0.0153
   -0.0151
    -0.015
    -0.015
    -0.015
   -0.0151
   -0.0153
   -0.0155
   -0.0158
   -0.0161
   -0.0163
   -0.0165
   -0.0165
   -0.0163
   -0.0157
   -0.0148
   -0.0136
   -0.0119
     -0.01
  -0.00795
  -0.00588
  -0.00401
  -0.00247
  -0.00137
 -0.000708
 -0.000382
 -0.000285
 -0.000203
  -5.9e-05
 -1.19e-05
 -2.36e-06
 -4.59e-07
 -8.57e-08
 -1.46e-08
 -1.82e-09
      19.3
      19.3
 -1.75e-09
  -1.4e-08
  -8.2e-08
 -4.38e-07
 -2.25e-06
 -1.13e-05
 -5.61e-05
 -0.000193
 -0.000272
 -0.000366
 -0.000679
  -0.00131
  -0.00236
  -0.00381
   -0.0056
  -0.00756
  -0.00954
   -0.0114
   -0.0129
   -0.0141
   -0.0149
   -0.0154
   -0.0157
   -0.0156
   -0.0155
   -0.0153
    -0.015
   -0.0147
   -0.0145
   -0.0143
   -0.0142
   -0.0142
   -0.0142
   -0.0143
   -0.0145
   -0.0147
    -0.015
   -0.0153
   -0.0155
   -0.0156
   -0.0157
   -0.0154
   -0.0149
   -0.0141
   -0.0129
   -0.0114
  -0.00954
  -0.00756
   -0.0056
  -0.00381
  -0.00236
  -0.00131
 -0.000679
 -0.000366
 -0.000272
 -0.000193
 -5.61e-05
 -1.13e-05
 -2.25e-06
 -4.38e-07
  -8.2e-08
  -1.4e-08
 -1.75e-09
      19.3
      19.3
 -1.71e-09
 -1.37e-08
 -7.96e-08
 -4.25e-07
 -2.18e-06
 -1.09e-05
 -5.42e-05
 -0.000187
 -0.000264
 -0.000356
  -0.00066
  -0.00127
  -0.00228
  -0.00369
  -0.00541
  -0.00731
  -0.00921
    -0.011
   -0.0125
   -0.0136
   -0.0144
   -0.0149
   -0.0151
   -0.0151
   -0.0149
   -0.0147
   -0.0144
   -0.0142
    -0.014
   -0.0138
   -0.0137
   -0.0137
   -0.0137
   -0.0138
    -0.014
   -0.0142
   -0.0144
   -0.0147
   -0.0149
   -0.0151
   -0.0151
   -0.0149
   -0.0144
   -0.0136
   -0.0125
    -0.011
  -0.00921
  -0.00731
  -0.00541
  -0.00369
  -0.00228
  -0.00127
  -0.00066
 -0.000356
 -0.000264
 -0.000187
 -5.42e-05
 -1.09e-05
 -2.18e-06
 -4.25e-07
 -7.96e-08
 -1.37e-08
 -1.71e-09
      19.3
      19.3
 -1.68e-09
 -1.34e-08
 -7.81e-08
 -4.16e-07
 -2.13e-06
 -1.07e-05
  -5.3e-05
 -0.000182
 -0.000258
  -0.00035
 -0.000648
  -0.00125
  -0.00223
  -0.00361
  -0.00529
  -0.00714
  -0.00899
   -0.0107
   -0.0122
   -0.0133
   -0.0141
   -0.0146
   -0.0147
   -0.0147
   -0.0146
   -0.0144
   -0.0141
   -0.0138
   -0.0136
   -0.0135
   -0.0134
   -0.0133
   -0.0134
   -0.0135
   -0.0136
   -0.0138
   -0.0141
   -0.0144
   -0.0146
   -0.0147
   -0.0147
   -0.0146
   -0.0141
   -0.0133
   -0.0122
   -0.0107
  -0.00899
  -0.00714
  -0.00529
  -0.00361
  -0.00223
  -0.00125
 -0.000648
  -0.00035
 -0.000258
 -0.000182
  -5.3e-05
 -1.07e-05
 -2.13e-06
 -4.16e-07
 -7.81e-08
 -1.34e-08
 -1.68e-09
      19.3
      19.3
 -1.67e-09
 -1.33e-08
 -7.72e-08
 -4.11e-07
  -2.1e-06
 -1.05e-05
 -5.22e-05
  -0.00018
 -0.000254
 -0.000346
 -0.000641
  -0.00123
   -0.0022
  -0.00355
   -0.0052
  -0.00702
  -0.00885
   -0.0105
    -0.012
   -0.0131
   -0.0139
   -0.0143
   -0.0145
   -0.0145
   -0.0143
   -0.0141
   -0.0139
   -0.0136
   -0.0134
   -0.0132
   -0.0131
   -0.0131
   -0.0131
   -0.0132
   -0.0134
   -0.0136
   -0.0139
   -0.0141
   -0.0143
   -0.0145
   -0.0145
   -0.0143
   -0.0139
   -0.0131
    -0.012
   -0.0105
  -0.00885
  -0.00702
   -0.0052
  -0.00355
   -0.0022
  -0.00123
 -0.000641
 -0.000346
 -0.000254
  -0.00018
 -5.22e-05
 -1.05e-05
  -2.1e-06
 -4.11e-07
 -7.72e-08
 -1.33e-08
 -1.67e-09
      19.3
      19.3
 -1.66e-09
 -1.32e-08
 -7.66e-08
 -4.07e-07
 -2.08e-06
 -1.04e-05
 -5.17e-05
 -0.000178
 -0.000252
 -0.000343
 -0.000636
  -0.00122
  -0.00218
  -0.00351
  -0.00515
  -0.00694
  -0.00874
   -0.0104
   -0.0118
   -0.0129
   -0.0137
   -0.0141
   -0.0143
   -0.0143
   -0.0142
    -0.014
   -0.0137
   -0.0135
   -0.0132
   -0.0131
    -0.013
    -0.013
    -0.013
   -0.0131
   -0.0132
   -0.0135
   -0.0137
    -0.014
   -0.0142
   -0.0143
   -0.0143
   -0.0141
   -0.0137
   -0.0129
   -0.0118
   -0.0104
  -0.00874
  -0.00694
  -0.00515
  -0.00351
  -0.00218
  -0.00122
 -0.000636
 -0.000343
 -0.000252
 -0.000178
 -5.17e-05
 -1.04e-05
 -2.08e-06
 -4.07e-07
 -7.66e-08
 -1.32e-08
 -1.66e-09
      19.3
      19.3
 -1.66e-09
 -1.32e-08
 -7.63e-08
 -4.05e-07
 -2.07e-06
 -1.04e-05
 -5.14e-05
 -0.000177
 -0.000251
 -0.000342
 -0.000634
  -0.00122
  -0.00217
  -0.00349
  -0.00511
  -0.00689
  -0.00867
   -0.0103
   -0.0117
   -0.0128
   -0.0136
    -0.014
   -0.0142
   -0.0142
   -0.0141
   -0.0138
   -0.0136
   -0.0133
   -0.0131
    -0.013
   -0.0129
   -0.0129
   -0.0129
    -0.013
   -0.0131
   -0.0133
   -0.0136
   -0.0138
   -0.0141
   -0.0142
   -0.0142
    -0.014
   -0.0136
   -0.0128
   -0.0117
   -0.0103
  -0.00867
  -0.00689
  -0.00511
  -0.00349
  -0.00217
  -0.00122
 -0.000634
 -0.000342
 -0.000251
 -0.000177
 -5.14e-05
 -1.04e-05
 -2.07e-06
 -4.05e-07
 -7.63e-08
 -1.32e-08
 -1.66e-09
      19.3
      19.3
 -1.66e-09
 -1.32e-08
 -7.62e-08
 -4.04e-07
 -2.07e-06
 -1.03e-05
 -5.12e-05
 -0.000176
  -0.00025
 -0.000342
 -0.000633
  -0.00121
  -0.00216
  -0.00347
  -0.00508
  -0.00685
  -0.00863
   -0.0103
   -0.0117
   -0.0127
   -0.0135
    -0.014
   -0.0141
   -0.0141
    -0.014
   -0.0138
   -0.0135
   -0.0133
   -0.0131
   -0.0129
   -0.0128
   -0.0128
   -0.0128
   -0.0129
   -0.0131
   -0.0133
   -0.0135
   -0.0138
    -0.014
   -0.0141
   -0.0141
    -0.014
   -0.0135
   -0.0127
   -0.0117
   -0.0103
  -0.00863
  -0.00685
  -0.00508
  -0.00347
  -0.00216
  -0.00121
 -0.000633
 -0.000342
  -0.00025
 -0.000176
 -5.12e-05
 -1.03e-05
 -2.07e-06
 -4.04e-07
 -7.62e-08
 -1.32e-08
 -1.66e-09
      19.3
      19.3
 -1.67e-09
 -1.32e-08
 -7.62e-08
 -4.04e-07
 -2.06e-06
 -1.03e-05
 -5.11e-05
 -0.000176
  -0.00025
 -0.000342
 -0.000633
  -0.00121
  -0.00215
  -0.00346
  -0.00506
  -0.00682
  -0.00859
   -0.0102
   -0.0116
   -0.0127
   -0.0135
   -0.0139
   -0.0141
   -0.0141
   -0.0139
   -0.0137
   -0.0135
   -0.0132
    -0.013
   -0.0129
   -0.0128
   -0.0127
   -0.0128
   -0.0129
    -0.013
   -0.0132
   -0.0135
   -0.0137
   -0.0139
   -0.0141
   -0.0141
   -0.0139
   -0.0135
   -0.0127
   -0.0116
   -0.0102
  -0.00859
  -0.00682
  -0.00506
  -0.00346
  -0.00215
  -0.00121
 -0.000633
 -0.000342
  -0.00025
 -0.000176
 -5.11e-05
 -1.03e-05
 -2.06e-06
 -4.04e-07
 -7.62e-08
 -1.32e-08
 -1.67e-09
      19.3
      19.3
 -1.68e-09
 -1.32e-08
 -7.63e-08
 -4.04e-07
 -2.06e-06
 -1.03e-05
 -5.11e-05
 -0.000175
  -0.00025
 -0.000343
 -0.000634
  -0.00121
  -0.00215
  -0.00346
  -0.00505
  -0.00681
  -0.00857
   -0.0102
   -0.0116
   -0.0127
   -0.0134
   -0.0139
   -0.0141
    -0.014
   -0.0139
   -0.0137
   -0.0134
   -0.0132
    -0.013
   -0.0128
   -0.0127
   -0.0127
   -0.0127
   -0.0128
    -0.013
   -0.0132
   -0.0134
   -0.0137
   -0.0139
    -0.014
   -0.0141
   -0.0139
   -0.0134
   -0.0127
   -0.0116
   -0.0102
  -0.00857
  -0.00681
  -0.00505
  -0.00346
  -0.00215
  -0.00121
 -0.000634
 -0.000343
  -0.00025
 -0.000175
 -5.11e-05
 -1.03e-05
 -2.06e-06
 -4.04e-07
 -7.63e-08
 -1.32e-08
 -1.68e-09
      19.3
      19.3
 -1.69e-09
 -1.33e-08
 -7.66e-08
 -4.05e-07
 -2.07e-06
 -1.03e-05
 -5.11e-05
 -0.000175
  -0.00025
 -0.000344
 -0.000635
  -0.00121
  -0.00215
  -0.00345
  -0.00505
   -0.0068
  -0.00856
   -0.0102
   -0.0116
   -0.0126
   -0.0134
   -0.0138
    -0.014
    -0.014
   -0.0139
   -0.0137
   -0.0134
   -0.0132
    -0.013
   -0.0128
   -0.0127
   -0.0127
   -0.0127
   -0.0128
    -0.013
   -0.0132
   -0.0134
   -0.0137
   -0.0139
    -0.014
    -0.014
   -0.0138
   -0.0134
   -0.0126
   -0.0116
   -0.0102
  -0.00856
   -0.0068
  -0.00505
  -0.00345
  -0.00215
  -0.00121
 -0.000635
 -0.000344
  -0.00025
 -0.000175
 -5.11e-05
 -1.03e-05
 -2.07e-06
 -4.05e-07
 -7.66e-08
 -1.33e-08
 -1.69e-09
      19.3
      19.3
  -1.7e-09
 -1.34e-08
 -7.69e-08
 -4.06e-07
 -2.07e-06
 -1.03e-05
 -5.12e-05
 -0.000176
 -0.000251
 -0.000345
 -0.000638
  -0.00121
  -0.00215
  -0.00345
  -0.00504
  -0.00679
  -0.00855
   -0.0102
   -0.0116
   -0.0126
   -0.0134
   -0.0138
    -0.014
    -0.014
   -0.0139
   -0.0137
   -0.0134
   -0.0132
    -0.013
   -0.0128
   -0.0127
   -0.0127
   -0.0127
   -0.0128
    -0.013
   -0.0132
   -0.0134
   -0.0137
   -0.0139
    -0.014
    -0.014
   -0.0138
   -0.0134
   -0.0126
   -0.0116
   -0.0102
  -0.00855
  -0.00679
  -0.00504
  -0.00345
  -0.00215
  -0.00121
 -0.000638
 -0.000345
 -0.000251
 -0.000176
 -5.12e-05
 -1.03e-05
 -2.07e-06
 -4.06e-07
 -7.69e-08
 -1.34e-08
  -1.7e-09
      19.3
      19.3
 -1.71e-09
 -1.34e-08
 -7.72e-08
 -4.08e-07
 -2.08e-06
 -1.04e-05
 -5.13e-05
 -0.000176
 -0.000252
 -0.000347
 -0.000641
  -0.00122
  -0.00216
  -0.00346
  -0.00505
   -0.0068
  -0.00855
   -0.0102
   -0.0116
   -0.0126
   -0.0134
   -0.0138
    -0.014
    -0.014
   -0.0139
   -0.0137
   -0.0134
   -0.0132
    -0.013
   -0.0128
   -0.0127
   -0.0127
   -0.0127
   -0.0128
    -0.013
   -0.0132
   -0.0134
   -0.0137
   -0.0139
    -0.014
    -0.014
   -0.0138
   -0.0134
   -0.0126
   -0.0116
   -0.0102
  -0.00855
   -0.0068
  -0.00505
  -0.00346
  -0.00216
  -0.00122
 -0.000641
 -0.000347
 -0.000252
 -0.000176
 -5.13e-05
 -1.04e-05
 -2.08e-06
 -4.08e-07
 -7.72e-08
 -1.34e-08
 -1.71e-09
      19.3
      19.3
 -1.73e-09
 -1.35e-08
 -7.77e-08
  -4.1e-07
 -2.09e-06
 -1.04e-05
 -5.14e-05
 -0.000177
 -0.000253
 -0.000349
 -0.000644
  -0.00122
  -0.00216
  -0.00346
  -0.00505
   -0.0068
  -0.00856
   -0.0102
   -0.0116
   -0.0126
   -0.0134
   -0.0139
    -0.014
    -0.014
   -0.0139
   -0.0137
   -0.0134
   -0.0132
    -0.013
   -0.0129
   -0.0128
   -0.0127
   -0.0128
   -0.0129
    -0.013
   -0.0132
   -0.0134
   -0.0137
   -0.0139
    -0.014
    -0.014
   -0.0139
   -0.0134
   -0.0126
   -0.0116
   -0.0102
  -0.00856
   -0.0068
  -0.00505
  -0.00346
  -0.00216
  -0.00122
 -0.000644
 -0.000349
 -0.000253
 -0.000177
 -5.14e-05
 -1.04e-05
 -2.09e-06
  -4.1e-07
 -7.77e-08
 -1.35e-08
 -1.73e-09
      19.3
      19.3
 -1.75e-09
 -1.37e-08
 -7.82e-08
 -4.12e-07
  -2.1e-06
 -1.05e-05
 -5.17e-05
 -0.000177
 -0.000254
 -0.000352
 -0.000649
  -0.00123
  -0.00217
  -0.00347
  -0.00507
  -0.00682
  -0.00858
   -0.0102
   -0.0116
   -0.0127
   -0.0134
   -0.0139
   -0.0141
   -0.0141
   -0.0139
   -0.0137
   -0.0135
   -0.0132
    -0.013
   -0.0129
   -0.0128
   -0.0128
   -0.0128
   -0.0129
    -0.013
   -0.0132
   -0.0135
   -0.0137
   -0.0139
   -0.0141
   -0.0141
   -0.0139
   -0.0134
   -0.0127
   -0.0116
   -0.0102
  -0.00858
  -0.00682
  -0.00507
  -0.00347
  -0.00217
  -0.00123
 -0.000649
 -0.000352
 -0.000254
 -0.000177
 -5.17e-05
 -1.05e-05
  -2.1e-06
 -4.12e-07
 -7.82e-08
 -1.37e-08
 -1.75e-09
      19.3
      19.3
 -1.77e-09
 -1.38e-08
 -7.89e-08
 -4.15e-07
 -2.11e-06
 -1.05e-05
  -5.2e-05
 -0.000178
 -0.000256
 -0.000355
 -0.000654
  -0.00124
  -0.00218
  -0.00349
  -0.00508
  -0.00684
   -0.0086
   -0.0102
   -0.0116
   -0.0127
   -0.0135
   -0.0139
   -0.0141
   -0.0141
    -0.014
   -0.0138
   -0.0135
   -0.0133
   -0.0131
   -0.0129
   -0.0128
   -0.0128
   -0.0128
   -0.0129
   -0.0131
   -0.0133
   -0.0135
   -0.0138
    -0.014
   -0.0141
   -0.0141
   -0.0139
   -0.0135
   -0.0127
   -0.0116
   -0.0102
   -0.0086
  -0.00684
  -0.00508
  -0.00349
  -0.00218
  -0.00124
 -0.000654
 -0.000355
 -0.000256
 -0.000178
  -5.2e-05
 -1.05e-05
 -2.11e-06
 -4.15e-07
 -7.89e-08
 -1.38e-08
 -1.77e-09
      19.3
      19.3
 -1.79e-09
  -1.4e-08
 -7.98e-08
 -4.19e-07
 -2.13e-06
 -1.06e-05
 -5.24e-05
  -0.00018
 -0.000258
 -0.000359
 -0.000661
  -0.00125
   -0.0022
  -0.00351
  -0.00511
  -0.00687
  -0.00864
   -0.0103
   -0.0117
   -0.0128
   -0.0135
    -0.014
   -0.0142
   -0.0142
   -0.0141
   -0.0138
   -0.0136
   -0.0134
   -0.0132
    -0.013
   -0.0129
   -0.0129
   -0.0129
    -0.013
   -0.0132
   -0.0134
   -0.0136
   -0.0138
   -0.0141
   -0.0142
   -0.0142
    -0.014
   -0.0135
   -0.0128
   -0.0117
   -0.0103
  -0.00864
  -0.00687
  -0.00511
  -0.00351
   -0.0022
  -0.00125
 -0.000661
 -0.000359
 -0.000258
  -0.00018
 -5.24e-05
 -1.06e-05
 -2.13e-06
 -4.19e-07
 -7.98e-08
  -1.4e-08
 -1.79e-09
      19.3
      19.3
 -1.82e-09
 -1.42e-08
 -8.08e-08
 -4.25e-07
 -2.15e-06
 -1.07e-05
 -5.29e-05
 -0.000181
 -0.000261
 -0.000364
  -0.00067
  -0.00126
  -0.00222
  -0.00354
  -0.00515
  -0.00692
  -0.00871
   -0.0104
   -0.0118
   -0.0129
   -0.0136
   -0.0141
   -0.0143
   -0.0143
   -0.0142
    -0.014
   -0.0137
   -0.0135
   -0.0133
   -0.0131
    -0.013
    -0.013
    -0.013
   -0.0131
   -0.0133
   -0.0135
   -0.0137
    -0.014
   -0.0142
   -0.0143
   -0.0143
   -0.0141
   -0.0136
   -0.0129
   -0.0118
   -0.0104
  -0.00871
  -0.00692
  -0.00515
  -0.00354
  -0.00222
  -0.00126
  -0.00067
 -0.000364
 -0.000261
 -0.000181
 -5.29e-05
 -1.07e-05
 -2.15e-06
 -4.25e-07
 -8.08e-08
 -1.42e-08
 -1.82e-09
      19.3
      19.3
 -1.86e-09
 -1.44e-08
 -8.22e-08
 -4.31e-07
 -2.19e-06
 -1.09e-05
 -5.37e-05
 -0.000184
 -0.000265
  -0.00037
 -0.000681
  -0.00128
  -0.00225
  -0.00358
  -0.00521
    -0.007
   -0.0088
   -0.0105
   -0.0119
    -0.013
   -0.0138
   -0.0143
   -0.0145
   -0.0145
   -0.0143
   -0.0141
   -0.0139
   -0.0136
   -0.0134
   -0.0133
   -0.0132
   -0.0132
   -0.0132
   -0.0133
   -0.0134
   -0.0136
   -0.0139
   -0.0141
   -0.0143
   -0.0145
   -0.0145
   -0.0143
   -0.0138
    -0.013
   -0.0119
   -0.0105
   -0.0088
    -0.007
  -0.00521
  -0.00358
  -0.00225
  -0.00128
 -0.000681
  -0.00037
 -0.000265
 -0.000184
 -5.37e-05
 -1.09e-05
 -2.19e-06
 -4.31e-07
 -8.22e-08
 -1.44e-08
 -1.86e-09
      19.3
      19.3
 -1.91e-09
 -1.48e-08
  -8.4e-08
  -4.4e-07
 -2.23e-06
 -1.11e-05
 -5.47e-05
 -0.000188
 -0.000271
 -0.000378
 -0.000695
  -0.00131
  -0.00229
  -0.00364
   -0.0053
  -0.00711
  -0.00894
   -0.0106
   -0.0121
   -0.0132
    -0.014
   -0.0145
   -0.0147
   -0.0147
   -0.0146
   -0.0144
   -0.0141
   -0.0139
   -0.0137
   -0.0135
   -0.0134
   -0.0134
   -0.0134
   -0.0135
   -0.0137
   -0.0139
   -0.0141
   -0.0144
   -0.0146
   -0.0147
   -0.0147
   -0.0145
    -0.014
   -0.0132
   -0.0121
   -0.0106
  -0.00894
  -0.00711
   -0.0053
  -0.00364
  -0.00229
  -0.00131
 -0.000695
 -0.000378
 -0.000271
 -0.000188
 -5.47e-05
 -1.11e-05
 -2.23e-06
  -4.4e-07
  -8.4e-08
 -1.48e-08
 -1.91e-09
      19.3
      19.3
 -1.97e-09
 -1.52e-08
 -8.64e-08
 -4.53e-07
 -2.29e-06
 -1.14e-05
 -5.62e-05
 -0.000193
 -0.000278
 -0.000389
 -0.000715
  -0.00134
  -0.00235
  -0.00373
  -0.00542
  -0.00728
  -0.00915
   -0.0109
   -0.0124
   -0.0135
   -0.0143
   -0.0148
   -0.0151
   -0.0151
   -0.0149
   -0.0147
   -0.0145
   -0.0142
    -0.014
   -0.0139
   -0.0138
   -0.0137
   -0.0138
   -0.0139
    -0.014
   -0.0142
   -0.0145
   -0.0147
   -0.0149
   -0.0151
   -0.0151
   -0.0148
   -0.0143
   -0.0135
   -0.0124
   -0.0109
  -0.00915
  -0.00728
  -0.00542
  -0.00373
  -0.00235
  -0.00134
 -0.000715
 -0.000389
 -0.000278
 -0.000193
 -5.62e-05
 -1.14e-05
 -2.29e-06
 -4.53e-07
 -8.64e-08
 -1.52e-08
 -1.97e-09
      19.3
      19.3
 -2.05e-09
 -1.58e-08
 -8.99e-08
  -4.7e-07
 -2.38e-06
 -1.18e-05
 -5.84e-05
   -0.0002
 -0.000289
 -0.000405
 -0.000742
  -0.00139
  -0.00243
  -0.00387
  -0.00561
  -0.00754
  -0.00947
   -0.0113
   -0.0128
    -0.014
   -0.0148
   -0.0154
   -0.0156
   -0.0156
   -0.0155
   -0.0153
    -0.015
   -0.0148
   -0.0145
   -0.0144
   -0.0143
   -0.0142
   -0.0143
   -0.0144
   -0.0145
   -0.0148
    -0.015
   -0.0153
   -0.0155
   -0.0156
   -0.0156
   -0.0154
   -0.0148
    -0.014
   -0.0128
   -0.0113
  -0.00947
  -0.00754
  -0.00561
  -0.00387
  -0.00243
  -0.00139
 -0.000742
 -0.000405
 -0.000289
   -0.0002
 -5.84e-05
 -1.18e-05
 -2.38e-06
  -4.7e-07
 -8.99e-08
 -1.58e-08
 -2.05e-09
      19.3
      19.3
 -2.16e-09
 -1.67e-08
 -9.48e-08
 -4.96e-07
 -2.51e-06
 -1.25e-05
 -6.16e-05
 -0.000211
 -0.000305
 -0.000427
 -0.000782
  -0.00146
  -0.00256
  -0.00407
   -0.0059
  -0.00792
  -0.00996
   -0.0118
   -0.0134
   -0.0147
   -0.0156
   -0.0162
   -0.0164
   -0.0164
   -0.0163
   -0.0161
   -0.0158
   -0.0156
   -0.0153
   -0.0152
   -0.0151
    -0.015
   -0.0151
   -0.0152
   -0.0153
   -0.0156
   -0.0158
   -0.0161
   -0.0163
   -0.0164
   -0.0164
   -0.0162
   -0.0156
   -0.0147
   -0.0134
   -0.0118
  -0.00996
  -0.00792
   -0.0059
  -0.00407
  -0.00256
  -0.00146
 -0.000782
 -0.000427
 -0.000305
 -0.000211
 -6.16e-05
 -1.25e-05
 -2.51e-06
 -4.96e-07
 -9.48e-08
 -1.67e-08
 -2.16e-09
      19.3
      19.3
 -2.33e-09
  -1.8e-08
 -1.02e-07
 -5.36e-07
 -2.72e-06
 -1.35e-05
 -6.66e-05
 -0.000228
 -0.000329
  -0.00046
 -0.000842
  -0.00158
  -0.00275
  -0.00438
  -0.00635
  -0.00853
   -0.0107
   -0.0127
   -0.0145
   -0.0158
   -0.0168
   -0.0174
   -0.0177
   -0.0177
   -0.0176
   -0.0174
   -0.0171
   -0.0168
   -0.0166
   -0.0164
   -0.0163
   -0.0163
   -0.0163
   -0.0164
   -0.0166
   -0.0168
   -0.0171
   -0.0174
   -0.0176
   -0.0177
   -0.0177
   -0.0174
   -0.0168
   -0.0158
   -0.0145
   -0.0127
   -0.0107
  -0.00853
  -0.00635
  -0.00438
  -0.00275
  -0.00158
 -0.000842
  -0.00046
 -0.000329
 -0.000228
 -6.66e-05
 -1.35e-05
 -2.72e-06
 -5.36e-07
 -1.02e-07
  -1.8e-08
 -2.33e-09
      19.3
      19.3
 -2.59e-09
 -2.01e-08
 -1.14e-07
    -6e-07
 -3.04e-06
 -1.52e-05
 -7.47e-05
 -0.000256
 -0.000369
 -0.000513
 -0.000937
  -0.00175
  -0.00307
  -0.00488
  -0.00709
  -0.00952
    -0.012
   -0.0142
   -0.0162
   -0.0177
   -0.0188
   -0.0195
   -0.0198
   -0.0198
   -0.0197
   -0.0195
   -0.0192
   -0.0189
   -0.0186
   -0.0185
   -0.0183
   -0.0183
   -0.0183
   -0.0185
   -0.0186
   -0.0189
   -0.0192
   -0.0195
   -0.0197
   -0.0198
   -0.0198
   -0.0195
   -0.0188
   -0.0177
   -0.0162
   -0.0142
    -0.012
  -0.00952
  -0.00709
  -0.00488
  -0.00307
  -0.00175
 -0.000937
 -0.000513
 -0.000369
 -0.000256
 -7.47e-05
 -1.52e-05
 -3.04e-06
    -6e-07
 -1.14e-07
 -2.01e-08
 -2.59e-09
      19.3
      19.3
 -3.04e-09
 -2.37e-08
 -1.35e-07
  -7.1e-07
 -3.61e-06
  -1.8e-05
 -8.89e-05
 -0.000305
 -0.000437
 -0.000604
   -0.0011
  -0.00206
  -0.00362
  -0.00576
  -0.00837
   -0.0112
   -0.0141
   -0.0168
   -0.0191
   -0.0209
   -0.0222
   -0.0231
   -0.0235
   -0.0236
   -0.0234
   -0.0232
   -0.0228
   -0.0225
   -0.0222
    -0.022
   -0.0219
   -0.0219
   -0.0219
    -0.022
   -0.0222
   -0.0225
   -0.0228
   -0.0232
   -0.0234
   -0.0236
   -0.0235
   -0.0231
   -0.0222
   -0.0209
   -0.0191
   -0.0168
   -0.0141
   -0.0112
  -0.00837
  -0.00576
  -0.00362
  -0.00206
   -0.0011
 -0.000604
 -0.000437
 -0.000305
 -8.89e-05
  -1.8e-05
 -3.61e-06
  -7.1e-07
 -1.35e-07
 -2.37e-08
 -3.04e-09
      19.3
      19.3
 -3.94e-09
 -3.08e-08
 -1.76e-07
 -9.32e-07
 -4.75e-06
 -2.37e-05
 -0.000117
 -0.000403
 -0.000575
 -0.000786
  -0.00143
  -0.00269
  -0.00472
  -0.00753
    -0.011
   -0.0147
   -0.0185
   -0.0221
   -0.0251
   -0.0275
   -0.0292
   -0.0303
   -0.0309
   -0.0311
    -0.031
   -0.0306
   -0.0303
   -0.0299
   -0.0295
   -0.0293
   -0.0291
   -0.0291
   -0.0291
   -0.0293
   -0.0295
   -0.0299
   -0.0303
   -0.0306
    -0.031
   -0.0311
   -0.0309
   -0.0303
   -0.0292
   -0.0275
   -0.0251
   -0.0221
   -0.0185
   -0.0147
    -0.011
  -0.00753
  -0.00472
  -0.00269
  -0.00143
 -0.000786
 -0.000575
 -0.000403
 -0.000117
 -2.37e-05
 -4.75e-06
 -9.32e-07
 -1.76e-07
 -3.08e-08
 -3.94e-09
      19.3
      19.3
 -5.96e-09
 -4.67e-08
 -2.69e-07
 -1.42e-06
 -7.27e-06
 -3.64e-05
  -0.00018
  -0.00062
    0.0462
    0.0391
    0.0381
    0.0362
    0.0331
    0.0288
    0.0237
     0.018
    0.0122
    0.0069
    0.0023
  -0.00136
  -0.00404
  -0.00578
  -0.00673
  -0.00706
  -0.00696
  -0.00658
  -0.00609
  -0.00558
  -0.00512
  -0.00477
  -0.00455
  -0.00448
  -0.00455
  -0.00477
  -0.00512
  -0.00558
  -0.00609
  -0.00658
  -0.00696
  -0.00706
  -0.00673
  -0.00578
  -0.00404
  -0.00136
    0.0023
    0.0069
    0.0122
     0.018
    0.0237
    0.0288
    0.0331
    0.0362
    0.0381
    0.0391
    0.0462
  -0.00062
  -0.00018
 -3.64e-05
 -7.27e-06
 -1.42e-06
 -2.69e-07
 -4.67e-08
 -5.96e-09
      19.3
      19.3
 -7.46e-09
 -5.84e-08
 -3.35e-07
 -1.77e-06
 -9.07e-06
 -4.55e-05
 -0.000225
 -0.000774
    0.0459
    0.0388
    0.0376
    0.0352
    0.0314
    0.0262
    0.0198
    0.0129
   0.00583
 -0.000713
  -0.00637
   -0.0109
   -0.0143
   -0.0165
   -0.0177
   -0.0182
   -0.0182
   -0.0179
   -0.0173
   -0.0168
   -0.0163
   -0.0159
   -0.0157
   -0.0156
   -0.0157
   -0.0159
   -0.0163
   -0.0168
   -0.0173
   -0.0179
   -0.0182
   -0.0182
   -0.0177
   -0.0165
   -0.0143
   -0.0109
  -0.00637
 -0.000713
   0.00583
    0.0129
    0.0198
    0.0262
    0.0314
    0.0352
    0.0376
    0.0388
    0.0459
 -0.000774
 -0.000225
 -4.55e-05
 -9.07e-06
 -1.77e-06
 -3.35e-07
 -5.84e-08
 -7.46e-09
      19.3
      19.3
 -8.71e-09
 -6.72e-08
 -3.82e-07
    -2e-06
 -1.02e-05
  -5.1e-05
 -0.000252
 -0.000865
    0.0458
    0.0386
    0.0372
    0.0346
    0.0305
    0.0248
     0.018
    0.0105
   0.00294
  -0.00412
   -0.0102
   -0.0152
   -0.0189
   -0.0214
   -0.0228
   -0.0235
   -0.0236
   -0.0233
   -0.0228
   -0.0223
   -0.0218
   -0.0215
   -0.0212
   -0.0212
   -0.0212
   -0.0215
   -0.0218
   -0.0223
   -0.0228
   -0.0233
   -0.0236
   -0.0235
   -0.0228
   -0.0214
   -0.0189
   -0.0152
   -0.0102
  -0.00412
   0.00294
    0.0105
     0.018
    0.0248
    0.0305
    0.0346
    0.0372
    0.0386
    0.0458
 -0.000865
 -0.000252
  -5.1e-05
 -1.02e-05
    -2e-06
 -3.82e-07
 -6.72e-08
 -8.71e-09
      19.3
      19.3
 -9.94e-09
 -7.52e-08
 -4.19e-07
 -2.18e-06
  -1.1e-05
 -5.47e-05
  -0.00027
 -0.000923
    0.0457
    0.0384
    0.0368
    0.0341
    0.0299
    0.0242
    0.0173
   0.00971
   0.00208
  -0.00506
   -0.0113
   -0.0163
   -0.0202
   -0.0228
   -0.0244
   -0.0252
   -0.0254
   -0.0252
   -0.0249
   -0.0244
    -0.024
   -0.0237
   -0.0235
   -0.0234
   -0.0235
   -0.0237
    -0.024
   -0.0244
   -0.0249
   -0.0252
   -0.0254
   -0.0252
   -0.0244
   -0.0228
   -0.0202
   -0.0163
   -0.0113
  -0.00506
   0.00208
   0.00971
    0.0173
    0.0242
    0.0299
    0.0341
    0.0368
    0.0384
    0.0457
 -0.000923
  -0.00027
 -5.47e-05
  -1.1e-05
 -2.18e-06
 -4.19e-07
 -7.52e-08
 -9.94e-09
      19.3
         0
 -1.08e-08
 -8.11e-08
 -4.48e-07
 -2.31e-06
 -1.16e-05
 -5.75e-05
 -0.000282
 -0.000964
    0.0456
    0.0381
    0.0365
    0.0337
    0.0294
    0.0238
    0.0171
   0.00969
   0.00225
  -0.00474
   -0.0109
   -0.0159
   -0.0198
   -0.0225
   -0.0242
   -0.0251
   -0.0254
   -0.0254
   -0.0251
   -0.0248
   -0.0244
   -0.0241
    -0.024
   -0.0239
    -0.024
   -0.0241
   -0.0244
   -0.0248
   -0.0251
   -0.0254
   -0.0254
   -0.0251
   -0.0242
   -0.0225
   -0.0198
   -0.0159
   -0.0109
  -0.00474
   0.00225
   0.00969
    0.0171
    0.0238
    0.0294
    0.0337
    0.0365
    0.0381
    0.0456
 -0.000964
 -0.000282
 -5.75e-05
 -1.16e-05
 -2.31e-06
 -4.48e-07
 -8.11e-08
 -1.08e-08
         0
         0
 -1.17e-08
 -8.65e-08
 -4.73e-07
 -2.42e-06
 -1.21e-05
 -5.97e-05
 -0.000292
 -0.000994
    0.0455
    0.0379
    0.0362
    0.0333
    0.0291
    0.0236
    0.0171
   0.00999
   0.00282
  -0.00394
  -0.00991
   -0.0148
   -0.0187
   -0.0214
   -0.0232
   -0.0242
   -0.0247
   -0.0247
   -0.0246
   -0.0243
    -0.024
   -0.0238
   -0.0237
   -0.0236
   -0.0237
   -0.0238
    -0.024
   -0.0243
   -0.0246
   -0.0247
   -0.0247
   -0.0242
   -0.0232
   -0.0214
   -0.0187
   -0.0148
  -0.00991
  -0.00394
   0.00282
   0.00999
    0.0171
    0.0236
    0.0291
    0.0333
    0.0362
    0.0379
    0.0455
 -0.000994
 -0.000292
 -5.97e-05
 -1.21e-05
 -2.42e-06
 -4.73e-07
 -8.65e-08
 -1.17e-08
         0
         0
 -1.24e-08
  -9.1e-08
 -4.93e-07
  -2.5e-06
 -1.25e-05
 -6.13e-05
 -0.000299
  -0.00102
    0.0454
    0.0378
    0.0359
     0.033
    0.0288
    0.0235
    0.0172
    0.0104
   0.00347
  -0.00306
  -0.00884
   -0.0137
   -0.0174
   -0.0202
    -0.022
   -0.0232
   -0.0237
   -0.0239
   -0.0238
   -0.0236
   -0.0234
   -0.0232
   -0.0231
   -0.0231
   -0.0231
   -0.0232
   -0.0234
   -0.0236
   -0.0238
   -0.0239
   -0.0237
   -0.0232
    -0.022
   -0.0202
   -0.0174
   -0.0137
  -0.00884
  -0.00306
   0.00347
    0.0104
    0.0172
    0.0235
    0.0288
     0.033
    0.0359
    0.0378
    0.0454
  -0.00102
 -0.000299
 -6.13e-05
 -1.25e-05
  -2.5e-06
 -4.93e-07
  -9.1e-08
 -1.24e-08
         0
         0
  -1.3e-08
 -9.44e-08
 -5.08e-07
 -2.57e-06
 -1.27e-05
 -6.24e-05
 -0.000304
  -0.00103
    0.0454
    0.0377
    0.0357
    0.0328
    0.0287
    0.0234
    0.0173
    0.0107
   0.00405
  -0.00227
   -0.0079
   -0.0126
   -0.0164
   -0.0191
    -0.021
   -0.0222
   -0.0228
    -0.023
   -0.0231
   -0.0229
   -0.0228
   -0.0226
   -0.0225
   -0.0225
   -0.0225
   -0.0226
   -0.0228
   -0.0229
   -0.0231
    -0.023
   -0.0228
   -0.0222
    -0.021
   -0.0191
   -0.0164
   -0.0126
   -0.0079
  -0.00227
   0.00405
    0.0107
    0.0173
    0.0234
    0.0287
    0.0328
    0.0357
    0.0377
    0.0454
  -0.00103
 -0.000304
 -6.24e-05
 -1.27e-05
 -2.57e-06
 -5.08e-07
 -9.44e-08
  -1.3e-08
         0
         0
 -1.34e-08
  -9.7e-08
 -5.19e-07
 -2.62e-06
 -1.29e-05
 -6.33e-05
 -0.000308
  -0.00104
    0.0454
    0.0376
    0.0356
    0.0326
    0.0285
    0.0234
    0.0175
     0.011
   0.00453
  -0.00163
  -0.00713
   -0.0118
   -0.0155
   -0.0182
   -0.0201
   -0.0214
    -0.022
   -0.0224
   -0.0224
   -0.0224
   -0.0222
   -0.0221
    -0.022
    -0.022
    -0.022
   -0.0221
   -0.0222
   -0.0224
   -0.0224
   -0.0224
    -0.022
   -0.0214
   -0.0201
   -0.0182
   -0.0155
   -0.0118
  -0.00713
  -0.00163
   0.00453
     0.011
    0.0175
    0.0234
    0.0285
    0.0326
    0.0356
    0.0376
    0.0454
  -0.00104
 -0.000308
 -6.33e-05
 -1.29e-05
 -2.62e-06
 -5.19e-07
  -9.7e-08
 -1.34e-08
         0
         0
 -1.37e-08
 -9.88e-08
 -5.27e-07
 -2.65e-06
 -1.31e-05
 -6.39e-05
  -0.00031
  -0.00105
    0.0453
    0.0375
    0.0355
    0.0325
    0.0284
    0.0234
    0.0176
    0.0113
    0.0049
  -0.00113
  -0.00654
   -0.0111
   -0.0148
   -0.0175
   -0.0195
   -0.0207
   -0.0215
   -0.0218
   -0.0219
   -0.0219
   -0.0218
   -0.0217
   -0.0216
   -0.0216
   -0.0216
   -0.0217
   -0.0218
   -0.0219
   -0.0219
   -0.0218
   -0.0215
   -0.0207
   -0.0195
   -0.0175
   -0.0148
   -0.0111
  -0.00654
  -0.00113
    0.0049
    0.0113
    0.0176
    0.0234
    0.0284
    0.0325
    0.0355
    0.0375
    0.0453
  -0.00105
  -0.00031
 -6.39e-05
 -1.31e-05
 -2.65e-06
 -5.27e-07
 -9.88e-08
 -1.37e-08
         0
         0
 -1.39e-08
    -1e-07
 -5.33e-07
 -2.67e-06
 -1.32e-05
 -6.43e-05
 -0.000312
  -0.00105
    0.0453
    0.0375
    0.0354
    0.0324
    0.0284
    0.0234
    0.0176
    0.0114
   0.00518
 -0.000763
   -0.0061
   -0.0106
   -0.0143
    -0.017
    -0.019
   -0.0202
    -0.021
   -0.0214
   -0.0215
   -0.0215
   -0.0215
   -0.0214
   -0.0213
   -0.0213
   -0.0213
   -0.0214
   -0.0215
   -0.0215
   -0.0215
   -0.0214
    -0.021
   -0.0202
    -0.019
    -0.017
   -0.0143
   -0.0106
   -0.0061
 -0.000763
   0.00518
    0.0114
    0.0176
    0.0234
    0.0284
    0.0324
    0.0354
    0.0375
    0.0453
  -0.00105
 -0.000312
 -6.43e-05
 -1.32e-05
 -2.67e-06
 -5.33e-07
    -1e-07
 -1.39e-08
         0
         0
  -1.4e-08
 -1.01e-07
 -5.36e-07
 -2.69e-06
 -1.32e-05
 -6.45e-05
 -0.000313
  -0.00106
    0.0453
    0.0375
    0.0354
    0.0324
    0.0284
    0.0234
    0.0177
    0.0116
   0.00538
 -0.000503
  -0.00579
   -0.0103
   -0.0139
   -0.0166
   -0.0186
   -0.0199
   -0.0207
   -0.0211
   -0.0212
   -0.0212
   -0.0212
   -0.0211
   -0.0211
   -0.0211
   -0.0211
   -0.0211
   -0.0212
   -0.0212
   -0.0212
   -0.0211
   -0.0207
   -0.0199
   -0.0186
   -0.0166
   -0.0139
   -0.0103
  -0.00579
 -0.000503
   0.00538
    0.0116
    0.0177
    0.0234
    0.0284
    0.0324
    0.0354
    0.0375
    0.0453
  -0.00106
 -0.000313
 -6.45e-05
 -1.32e-05
 -2.69e-06
 -5.36e-07
 -1.01e-07
  -1.4e-08
         0
         0
 -1.41e-08
 -1.01e-07
 -5.38e-07
 -2.69e-06
 -1.32e-05
 -6.45e-05
 -0.000313
  -0.00106
    0.0453
    0.0374
    0.0353
    0.0323
    0.0283
    0.0234
    0.0177
    0.0117
   0.00551
  -0.00033
  -0.00558
   -0.0101
   -0.0137
   -0.0164
   -0.0184
   -0.0197
   -0.0204
   -0.0208
    -0.021
    -0.021
    -0.021
   -0.0209
   -0.0209
   -0.0208
   -0.0209
   -0.0209
    -0.021
    -0.021
    -0.021
   -0.0208
   -0.0204
   -0.0197
   -0.0184
   -0.0164
   -0.0137
   -0.0101
  -0.00558
  -0.00033
   0.00551
    0.0117
    0.0177
    0.0234
    0.0283
    0.0323
    0.0353
    0.0374
    0.0453
  -0.00106
 -0.000313
 -6.45e-05
 -1.32e-05
 -2.69e-06
 -5.38e-07
 -1.01e-07
 -1.41e-08
         0
         0
 -1.41e-08
 -1.01e-07
 -5.38e-07
 -2.69e-06
 -1.32e-05
 -6.44e-05
 -0.000312
  -0.00105
    0.0453
    0.0374
    0.0353
    0.0323
    0.0283
    0.0234
    0.0178
    0.0117
   0.00559
 -0.000235
  -0.00547
  -0.00993
   -0.0135
   -0.0162
   -0.0182
   -0.0195
   -0.0203
   -0.0207
   -0.0208
   -0.0208
   -0.0207
   -0.0207
   -0.0206
   -0.0206
   -0.0206
   -0.0207
   -0.0207
   -0.0208
   -0.0208
   -0.0207
   -0.0203
   -0.0195
   -0.0182
   -0.0162
   -0.0135
  -0.00993
  -0.00547
 -0.000235
   0.00559
    0.0117
    0.0178
    0.0234
    0.0283
    0.0323
    0.0353
    0.0374
    0.0453
  -0.00105
 -0.000312
 -6.44e-05
 -1.32e-05
 -2.69e-06
 -5.38e-07
 -1.01e-07
 -1.41e-08
         0
         0
  -1.4e-08
 -1.01e-07
 -5.34e-07
 -2.67e-06
 -1.31e-05
  -6.4e-05
 -0.000311
  -0.00105
    0.0453
    0.0375
    0.0354
    0.0324
    0.0284
    0.0235
    0.0178
    0.0117
   0.00561
 -0.000225
  -0.00546
  -0.00992
   -0.0135
   -0.0162
   -0.0181
   -0.0194
   -0.0201
   -0.0205
   -0.0206
   -0.0205
   -0.0205
   -0.0204
   -0.0203
   -0.0203
   -0.0203
   -0.0204
   -0.0205
   -0.0205
   -0.0206
   -0.0205
   -0.0201
   -0.0194
   -0.0181
   -0.0162
   -0.0135
  -0.00992
  -0.00546
 -0.000225
   0.00561
    0.0117
    0.0178
    0.0235
    0.0284
    0.0324
    0.0354
    0.0375
    0.0453
  -0.00105
 -0.000311
  -6.4e-05
 -1.31e-05
 -2.67e-06
 -5.34e-07
 -1.01e-07
  -1.4e-08
         0
         0
 -1.38e-08
 -9.93e-08
 -5.27e-07
 -2.64e-06
  -1.3e-05
 -6.32e-05
 -0.000307
  -0.00104
    0.0453
    0.0375
    0.0354
    0.0324
    0.0284
    0.0235
    0.0178
    0.0117
   0.00553
 -0.000341
  -0.00561
   -0.0101
   -0.0136
   -0.0163
   -0.0181
   -0.0193
     -0.02
   -0.0202
   -0.0202
   -0.0201
     -0.02
   -0.0198
   -0.0197
   -0.0197
   -0.0197
   -0.0198
     -0.02
   -0.0201
   -0.0202
   -0.0202
     -0.02
   -0.0193
   -0.0181
   -0.0163
   -0.0136
   -0.0101
  -0.00561
 -0.000341
   0.00553
    0.0117
    0.0178
    0.0235
    0.0284
    0.0324
    0.0354
    0.0375
    0.0453
  -0.00104
 -0.000307
 -6.32e-05
  -1.3e-05
 -2.64e-06
 -5.27e-07
 -9.93e-08
 -1.38e-08
         0
      10.3
      10.3
      10.3
      10.3
      10.2
      10.2
      10.2
      10.2
      10.2
      10.2
      10.1
      9.91
      9.69
      9.43
      9.14
      8.83
      8.54
      8.25
      7.98
      7.73
       7.5
       7.3
      7.11
      6.95
      6.81
      6.69
      6.58
      6.49
      6.41
      6.36
      6.32
      6.29
      6.28
      6.29
      6.32
      6.36
      6.41
      6.49
      6.58
      6.69
      6.81
      6.95
      7.11
       7.3
       7.5
      7.73
      7.98
      8.25
      8.54
      8.83
      9.14
      9.43
      9.69
      9.91
      10.1
      10.2
      10.2
      10.2
      10.2
      10.2
      10.2
      10.3
      10.3
      10.3
      10.3
