      6.34
      6.34
      6.34
      6.34
      6.33
      6.32
       6.3
      6.29
      6.28
      6.27
      6.18
      6.02
       5.8
      5.54
      5.25
      4.95
      4.66
      4.37
       4.1
      3.85
      3.63
      3.43
      3.24
      3.08
      2.94
      2.82
      2.71
      2.62
      2.55
      2.49
      2.45
      2.42
      2.42
      2.42
      2.45
      2.49
      2.55
      2.62
      2.71
      2.82
      2.94
      3.08
      3.24
      3.43
      3.63
      3.85
       4.1
      4.37
      4.66
      4.95
      5.25
      5.54
       5.8
      6.02
      6.18
      6.27
      6.28
      6.29
       6.3
      6.32
      6.33
      6.34
      6.34
      6.34
      6.34
      6.34
      6.34
      6.34
      6.33
      6.33
      6.31
       6.3
      6.29
      6.27
      6.27
      6.18
      6.02
      5.79
      5.53
      5.23
      4.93
      4.63
      4.34
      4.07
      3.83
       3.6
      3.41
      3.23
      3.08
      2.95
      2.83
      2.74
      2.66
      2.59
      2.54
      2.51
      2.49
      2.48
      2.49
      2.51
      2.54
      2.59
      2.66
      2.74
      2.83
      2.95
      3.08
      3.23
      3.41
       3.6
      3.83
      4.07
      4.34
      4.63
      4.93
      5.23
      5.53
      5.79
      6.02
      6.18
      6.27
      6.27
      6.29
       6.3
      6.31
      6.33
      6.33
      6.34
      6.34
      6.34
      6.35
      6.35
      6.34
      6.34
      6.33
      6.32
       6.3
      6.29
      6.27
      6.27
      6.18
      6.01
      5.79
      5.52
      5.22
      4.92
      4.61
      4.32
      4.05
      3.81
      3.59
      3.39
      3.22
      3.08
      2.95
      2.85
      2.76
      2.68
      2.63
      2.58
      2.55
      2.53
      2.52
      2.53
      2.55
      2.58
      2.63
      2.68
      2.76
      2.85
      2.95
      3.08
      3.22
      3.39
      3.59
      3.81
      4.05
      4.32
      4.61
      4.92
      5.22
      5.52
      5.79
      6.01
      6.18
      6.27
      6.27
      6.29
       6.3
      6.32
      6.33
      6.34
      6.34
      6.35
      6.35
      6.35
      6.35
      6.35
      6.35
      6.34
      6.32
      6.31
      6.29
      6.28
      6.27
      6.18
      6.01
      5.79
      5.52
      5.22
      4.91
      4.61
      4.31
      4.04
       3.8
      3.58
      3.39
      3.22
      3.08
      2.96
      2.86
      2.77
       2.7
      2.65
      2.61
      2.58
      2.56
      2.55
      2.56
      2.58
      2.61
      2.65
       2.7
      2.77
      2.86
      2.96
      3.08
      3.22
      3.39
      3.58
       3.8
      4.04
      4.31
      4.61
      4.91
      5.22
      5.52
      5.79
      6.01
      6.18
      6.27
      6.28
      6.29
      6.31
      6.32
      6.34
      6.35
      6.35
      6.35
      6.35
      6.37
      6.37
      6.37
      6.36
      6.35
      6.34
      6.32
       6.3
      6.28
      6.28
      6.18
      6.02
      5.79
      5.52
      5.22
      4.91
       4.6
      4.31
      4.04
      3.79
      3.57
      3.38
      3.22
      3.08
      2.96
      2.86
      2.78
      2.71
      2.66
      2.62
       2.6
      2.58
      2.58
      2.58
       2.6
      2.62
      2.66
      2.71
      2.78
      2.86
      2.96
      3.08
      3.22
      3.38
      3.57
      3.79
      4.04
      4.31
       4.6
      4.91
      5.22
      5.52
      5.79
      6.02
      6.18
      6.28
      6.28
       6.3
      6.32
      6.34
      6.35
      6.36
      6.37
      6.37
      6.37
      6.39
      6.39
      6.39
      6.38
      6.37
      6.36
      6.34
      6.32
      6.29
      6.28
      6.19
      6.02
      5.79
      5.52
      5.22
      4.91
       4.6
      4.31
      4.04
      3.79
      3.57
      3.38
      3.22
      3.08
      2.96
      2.87
      2.79
      2.72
      2.67
      2.64
      2.61
      2.59
      2.59
      2.59
      2.61
      2.64
      2.67
      2.72
      2.79
      2.87
      2.96
      3.08
      3.22
      3.38
      3.57
      3.79
      4.04
      4.31
       4.6
      4.91
      5.22
      5.52
      5.79
      6.02
      6.19
      6.28
      6.29
      6.32
      6.34
      6.36
      6.37
      6.38
      6.39
      6.39
      6.39
      6.43
      6.43
      6.42
      6.41
       6.4
      6.38
      6.36
      6.33
      6.31
       6.3
       6.2
      6.03
       5.8
      5.52
      5.22
      4.91
       4.6
      4.31
      4.04
      3.79
      3.57
      3.38
      3.22
      3.08
      2.97
      2.87
      2.79
      2.73
      2.68
      2.64
      2.62
       2.6
       2.6
       2.6
      2.62
      2.64
      2.68
      2.73
      2.79
      2.87
      2.97
      3.08
      3.22
      3.38
      3.57
      3.79
      4.04
      4.31
       4.6
      4.91
      5.22
      5.52
       5.8
      6.03
       6.2
       6.3
      6.31
      6.33
      6.36
      6.38
       6.4
      6.41
      6.42
      6.43
      6.43
      6.47
      6.47
      6.46
      6.45
      6.44
      6.41
      6.39
      6.36
      6.33
      6.31
      6.22
      6.05
      5.81
      5.53
      5.23
      4.91
       4.6
      4.31
      4.04
      3.79
      3.57
      3.38
      3.22
      3.08
      2.97
      2.87
       2.8
      2.73
      2.69
      2.65
      2.63
      2.61
      2.61
      2.61
      2.63
      2.65
      2.69
      2.73
       2.8
      2.87
      2.97
      3.08
      3.22
      3.38
      3.57
      3.79
      4.04
      4.31
       4.6
      4.91
      5.23
      5.53
      5.81
      6.05
      6.22
      6.31
      6.33
      6.36
      6.39
      6.41
      6.44
      6.45
      6.46
      6.47
      6.47
      6.52
      6.52
      6.52
       6.5
      6.48
      6.46
      6.43
      6.39
      6.35
      6.34
      6.24
      6.06
      5.82
      5.54
      5.24
      4.92
      4.61
      4.31
      4.04
      3.79
      3.57
      3.38
      3.22
      3.08
      2.97
      2.88
       2.8
      2.74
      2.69
      2.65
      2.63
      2.62
      2.61
      2.62
      2.63
      2.65
      2.69
      2.74
       2.8
      2.88
      2.97
      3.08
      3.22
      3.38
      3.57
      3.79
      4.04
      4.31
      4.61
      4.92
      5.24
      5.54
      5.82
      6.06
      6.24
      6.34
      6.35
      6.39
      6.43
      6.46
      6.48
       6.5
      6.52
      6.52
      6.52
      6.59
      6.59
      6.58
      6.57
      6.54
      6.51
      6.47
      6.43
      6.39
      6.37
      6.26
      6.08
      5.84
      5.56
      5.25
      4.93
      4.62
      4.32
      4.04
      3.79
      3.58
      3.38
      3.22
      3.09
      2.97
      2.88
       2.8
      2.74
      2.69
      2.66
      2.63
      2.62
      2.61
      2.62
      2.63
      2.66
      2.69
      2.74
       2.8
      2.88
      2.97
      3.09
      3.22
      3.38
      3.58
      3.79
      4.04
      4.32
      4.62
      4.93
      5.25
      5.56
      5.84
      6.08
      6.26
      6.37
      6.39
      6.43
      6.47
      6.51
      6.54
      6.57
      6.58
      6.59
      6.59
      6.68
      6.68
      6.67
      6.65
      6.62
      6.58
      6.53
      6.48
      6.43
       6.4
      6.29
      6.11
      5.87
      5.58
      5.26
      4.94
      4.62
      4.32
      4.05
       3.8
      3.58
      3.39
      3.22
      3.09
      2.97
      2.88
       2.8
      2.74
      2.69
      2.66
      2.64
      2.62
      2.62
      2.62
      2.64
      2.66
      2.69
      2.74
       2.8
      2.88
      2.97
      3.09
      3.22
      3.39
      3.58
       3.8
      4.05
      4.32
      4.62
      4.94
      5.26
      5.58
      5.87
      6.11
      6.29
       6.4
      6.43
      6.48
      6.53
      6.58
      6.62
      6.65
      6.67
      6.68
      6.68
      6.78
      6.78
      6.77
      6.75
      6.71
      6.66
      6.61
      6.54
      6.48
      6.44
      6.33
      6.14
      5.89
       5.6
      5.28
      4.95
      4.63
      4.33
      4.05
       3.8
      3.58
      3.39
      3.22
      3.09
      2.97
      2.88
       2.8
      2.74
       2.7
      2.66
      2.64
      2.62
      2.62
      2.62
      2.64
      2.66
       2.7
      2.74
       2.8
      2.88
      2.97
      3.09
      3.22
      3.39
      3.58
       3.8
      4.05
      4.33
      4.63
      4.95
      5.28
       5.6
      5.89
      6.14
      6.33
      6.44
      6.48
      6.54
      6.61
      6.66
      6.71
      6.75
      6.77
      6.78
      6.78
      6.91
      6.91
       6.9
      6.87
      6.82
      6.77
       6.7
      6.62
      6.53
      6.49
      6.38
      6.18
      5.92
      5.62
       5.3
      4.97
      4.64
      4.34
      4.06
       3.8
      3.58
      3.39
      3.22
      3.09
      2.97
      2.88
       2.8
      2.74
       2.7
      2.66
      2.64
      2.62
      2.62
      2.62
      2.64
      2.66
       2.7
      2.74
       2.8
      2.88
      2.97
      3.09
      3.22
      3.39
      3.58
       3.8
      4.06
      4.34
      4.64
      4.97
       5.3
      5.62
      5.92
      6.18
      6.38
      6.49
      6.53
      6.62
       6.7
      6.77
      6.82
      6.87
       6.9
      6.91
      6.91
      7.08
      7.08
      7.06
      7.02
      6.97
      6.89
      6.81
      6.71
      6.61
      6.55
      6.43
      6.23
      5.96
      5.65
      5.32
      4.99
      4.66
      4.35
      4.06
      3.81
      3.58
      3.39
      3.22
      3.09
      2.97
      2.88
       2.8
      2.74
       2.7
      2.66
      2.64
      2.62
      2.62
      2.62
      2.64
      2.66
       2.7
      2.74
       2.8
      2.88
      2.97
      3.09
      3.22
      3.39
      3.58
      3.81
      4.06
      4.35
      4.66
      4.99
      5.32
      5.65
      5.96
      6.23
      6.43
      6.55
      6.61
      6.71
      6.81
      6.89
      6.97
      7.02
      7.06
      7.08
      7.08
      7.29
      7.29
      7.26
      7.21
      7.14
      7.05
      6.94
      6.82
      6.69
      6.63
      6.49
      6.28
         6
      5.69
      5.35
      5.01
      4.67
      4.36
      4.07
      3.81
      3.58
      3.39
      3.22
      3.08
      2.97
      2.88
       2.8
      2.74
      2.69
      2.66
      2.64
      2.62
      2.62
      2.62
      2.64
      2.66
      2.69
      2.74
       2.8
      2.88
      2.97
      3.08
      3.22
      3.39
      3.58
      3.81
      4.07
      4.36
      4.67
      5.01
      5.35
      5.69
         6
      6.28
      6.49
      6.63
      6.69
      6.82
      6.94
      7.05
      7.14
      7.21
      7.26
      7.29
      7.29
      7.55
      7.55
      7.51
      7.45
      7.36
      7.25
      7.11
      6.96
      6.79
      6.71
      6.56
      6.34
      6.05
      5.73
      5.38
      5.03
      4.69
      4.37
      4.07
      3.81
      3.58
      3.39
      3.22
      3.08
      2.97
      2.87
       2.8
      2.74
      2.69
      2.66
      2.63
      2.62
      2.62
      2.62
      2.63
      2.66
      2.69
      2.74
       2.8
      2.87
      2.97
      3.08
      3.22
      3.39
      3.58
      3.81
      4.07
      4.37
      4.69
      5.03
      5.38
      5.73
      6.05
      6.34
      6.56
      6.71
      6.79
      6.96
      7.11
      7.25
      7.36
      7.45
      7.51
      7.55
      7.55
      7.87
      7.87
      7.83
      7.75
      7.63
      7.49
      7.31
      7.12
      6.91
      6.81
      6.65
      6.41
      6.11
      5.77
      5.41
      5.05
       4.7
      4.38
      4.08
      3.81
      3.58
      3.39
      3.22
      3.08
      2.96
      2.87
      2.79
      2.73
      2.69
      2.65
      2.63
      2.62
      2.61
      2.62
      2.63
      2.65
      2.69
      2.73
      2.79
      2.87
      2.96
      3.08
      3.22
      3.39
      3.58
      3.81
      4.08
      4.38
       4.7
      5.05
      5.41
      5.77
      6.11
      6.41
      6.65
      6.81
      6.91
      7.12
      7.31
      7.49
      7.63
      7.75
      7.83
      7.87
      7.87
      8.28
      8.28
      8.23
      8.12
      7.97
      7.78
      7.56
      7.32
      7.06
      6.92
      6.74
      6.49
      6.17
      5.82
      5.45
      5.08
      4.72
      4.39
      4.08
      3.82
      3.58
      3.38
      3.22
      3.07
      2.96
      2.87
      2.79
      2.73
      2.68
      2.65
      2.63
      2.61
      2.61
      2.61
      2.63
      2.65
      2.68
      2.73
      2.79
      2.87
      2.96
      3.07
      3.22
      3.38
      3.58
      3.82
      4.08
      4.39
      4.72
      5.08
      5.45
      5.82
      6.17
      6.49
      6.74
      6.92
      7.06
      7.32
      7.56
      7.78
      7.97
      8.12
      8.23
      8.28
      8.28
      8.81
      8.81
      8.73
      8.59
      8.39
      8.15
      7.86
      7.55
      7.22
      7.05
      6.85
      6.58
      6.24
      5.87
      5.49
       5.1
      4.74
       4.4
      4.09
      3.82
      3.58
      3.38
      3.21
      3.07
      2.95
      2.86
      2.78
      2.72
      2.68
      2.64
      2.62
      2.61
       2.6
      2.61
      2.62
      2.64
      2.68
      2.72
      2.78
      2.86
      2.95
      3.07
      3.21
      3.38
      3.58
      3.82
      4.09
       4.4
      4.74
       5.1
      5.49
      5.87
      6.24
      6.58
      6.85
      7.05
      7.22
      7.55
      7.86
      8.15
      8.39
      8.59
      8.73
      8.81
      8.81
      9.48
      9.48
      9.38
      9.19
      8.92
      8.59
      8.22
      7.82
       7.4
       7.2
      6.97
      6.67
      6.31
      5.93
      5.53
      5.13
      4.75
      4.41
      4.09
      3.82
      3.58
      3.38
       3.2
      3.06
      2.95
      2.85
      2.78
      2.72
      2.67
      2.64
      2.61
       2.6
      2.59
       2.6
      2.61
      2.64
      2.67
      2.72
      2.78
      2.85
      2.95
      3.06
       3.2
      3.38
      3.58
      3.82
      4.09
      4.41
      4.75
      5.13
      5.53
      5.93
      6.31
      6.67
      6.97
       7.2
       7.4
      7.82
      8.22
      8.59
      8.92
      9.19
      9.38
      9.48
      9.48
      10.4
      10.4
      10.2
      9.94
      9.56
      9.12
      8.64
      8.13
      7.61
      7.35
      7.09
      6.76
      6.39
      5.98
      5.56
      5.16
      4.77
      4.41
       4.1
      3.82
      3.57
      3.37
       3.2
      3.05
      2.94
      2.84
      2.77
      2.71
      2.66
      2.62
       2.6
      2.59
      2.58
      2.59
       2.6
      2.62
      2.66
      2.71
      2.77
      2.84
      2.94
      3.05
       3.2
      3.37
      3.57
      3.82
       4.1
      4.41
      4.77
      5.16
      5.56
      5.98
      6.39
      6.76
      7.09
      7.35
      7.61
      8.13
      8.64
      9.12
      9.56
      9.94
      10.2
      10.4
      10.4
      11.6
      11.6
      11.3
      10.9
      10.3
      9.74
      9.11
      8.47
      7.82
       7.5
      7.21
      6.86
      6.46
      6.03
       5.6
      5.18
      4.78
      4.42
      4.09
      3.81
      3.57
      3.36
      3.18
      3.04
      2.92
      2.83
      2.75
      2.69
      2.64
      2.61
      2.58
      2.57
      2.57
      2.57
      2.58
      2.61
      2.64
      2.69
      2.75
      2.83
      2.92
      3.04
      3.18
      3.36
      3.57
      3.81
      4.09
      4.42
      4.78
      5.18
       5.6
      6.03
      6.46
      6.86
      7.21
       7.5
      7.82
      8.47
      9.11
      9.74
      10.3
      10.9
      11.3
      11.6
      11.6
      13.4
      13.4
      12.8
      12.1
      11.2
      10.4
      9.61
      8.81
      8.03
      7.65
      7.32
      6.94
      6.52
      6.07
      5.62
      5.19
      4.79
      4.42
      4.09
       3.8
      3.55
      3.34
      3.17
      3.02
       2.9
      2.81
      2.73
      2.67
      2.62
      2.58
      2.56
      2.55
      2.54
      2.55
      2.56
      2.58
      2.62
      2.67
      2.73
      2.81
       2.9
      3.02
      3.17
      3.34
      3.55
       3.8
      4.09
      4.42
      4.79
      5.19
      5.62
      6.07
      6.52
      6.94
      7.32
      7.65
      8.03
      8.81
      9.61
      10.4
      11.2
      12.1
      12.8
      13.4
      13.4
      19.3
      16.5
      14.7
      13.3
      12.1
      11.1
      10.1
      9.13
      8.21
      7.77
      7.41
         7
      6.56
      6.09
      5.63
      5.19
      4.78
      4.41
      4.07
      3.78
      3.53
      3.32
      3.14
         3
      2.87
      2.78
       2.7
      2.63
      2.58
      2.55
      2.52
      2.51
       2.5
      2.51
      2.52
      2.55
      2.58
      2.63
       2.7
      2.78
      2.87
         3
      3.14
      3.32
      3.53
      3.78
      4.07
      4.41
      4.78
      5.19
      5.63
      6.09
      6.56
         7
      7.41
      7.77
      8.21
      9.13
      10.1
      11.1
      12.1
      13.3
      14.7
      16.5
      19.3
      19.3
      17.4
      15.6
      14.1
      12.8
      11.6
      10.5
      9.38
      8.35
      7.85
      7.47
      7.03
      6.57
      6.09
      5.62
      5.18
      4.76
      4.38
      4.04
      3.75
       3.5
      3.28
       3.1
      2.95
      2.83
      2.73
      2.65
      2.58
      2.53
      2.49
      2.47
      2.45
      2.45
      2.45
      2.47
      2.49
      2.53
      2.58
      2.65
      2.73
      2.83
      2.95
       3.1
      3.28
       3.5
      3.75
      4.04
      4.38
      4.76
      5.18
      5.62
      6.09
      6.57
      7.03
      7.47
      7.85
      8.35
      9.38
      10.5
      11.6
      12.8
      14.1
      15.6
      17.4
      19.3
      19.3
      17.7
      16.1
      14.6
      13.2
      11.9
      10.7
      9.54
      8.42
      7.88
      7.47
      7.02
      6.54
      6.06
      5.58
      5.13
      4.71
      4.33
      3.99
       3.7
      3.44
      3.22
      3.04
      2.89
      2.76
      2.65
      2.57
       2.5
      2.45
      2.41
      2.38
      2.37
      2.36
      2.37
      2.38
      2.41
      2.45
       2.5
      2.57
      2.65
      2.76
      2.89
      3.04
      3.22
      3.44
       3.7
      3.99
      4.33
      4.71
      5.13
      5.58
      6.06
      6.54
      7.02
      7.47
      7.88
      8.42
      9.54
      10.7
      11.9
      13.2
      14.6
      16.1
      17.7
      19.3
      19.3
      17.8
      16.3
      14.8
      13.5
      12.1
      10.8
      9.61
      8.41
      7.84
      7.41
      6.95
      6.46
      5.97
       5.5
      5.04
      4.62
      4.24
       3.9
       3.6
      3.35
      3.13
      2.94
      2.78
      2.65
      2.54
      2.45
      2.38
      2.32
      2.28
      2.25
      2.24
      2.23
      2.24
      2.25
      2.28
      2.32
      2.38
      2.45
      2.54
      2.65
      2.78
      2.94
      3.13
      3.35
       3.6
       3.9
      4.24
      4.62
      5.04
       5.5
      5.97
      6.46
      6.95
      7.41
      7.84
      8.41
      9.61
      10.8
      12.1
      13.5
      14.8
      16.3
      17.8
      19.3
      19.3
      17.9
      16.4
        15
      13.6
      12.2
      10.9
      9.59
      8.33
      7.72
      7.27
      6.79
       6.3
      5.82
      5.34
      4.89
      4.47
      4.09
      3.75
      3.45
      3.19
      2.97
      2.78
      2.61
      2.48
      2.36
      2.27
      2.19
      2.14
      2.09
      2.06
      2.04
      2.04
      2.04
      2.06
      2.09
      2.14
      2.19
      2.27
      2.36
      2.48
      2.61
      2.78
      2.97
      3.19
      3.45
      3.75
      4.09
      4.47
      4.89
      5.34
      5.82
       6.3
      6.79
      7.27
      7.72
      8.33
      9.59
      10.9
      12.2
      13.6
        15
      16.4
      17.9
      19.3
      19.3
      17.9
      16.5
        15
      13.6
      12.2
      10.9
      9.51
      8.17
      7.49
      7.02
      6.54
      6.05
      5.56
      5.09
      4.64
      4.23
      3.85
      3.51
      3.21
      2.95
      2.72
      2.52
      2.36
      2.21
      2.09
         2
      1.92
      1.85
      1.81
      1.77
      1.75
      1.75
      1.75
      1.77
      1.81
      1.85
      1.92
         2
      2.09
      2.21
      2.36
      2.52
      2.72
      2.95
      3.21
      3.51
      3.85
      4.23
      4.64
      5.09
      5.56
      6.05
      6.54
      7.02
      7.49
      8.17
      9.51
      10.9
      12.2
      13.6
        15
      16.5
      17.9
      19.3
      19.3
      17.9
      16.5
        15
      13.6
      12.2
      10.8
      9.42
      8.02
      7.32
      6.84
      6.35
      5.86
      5.37
      4.91
      4.47
      4.06
      3.68
      3.34
      3.04
      2.77
      2.54
      2.34
      2.17
      2.02
       1.9
      1.79
      1.71
      1.64
      1.59
      1.56
      1.54
      1.53
      1.54
      1.56
      1.59
      1.64
      1.71
      1.79
       1.9
      2.02
      2.17
      2.34
      2.54
      2.77
      3.04
      3.34
      3.68
      4.06
      4.47
      4.91
      5.37
      5.86
      6.35
      6.84
      7.32
      8.02
      9.42
      10.8
      12.2
      13.6
        15
      16.5
      17.9
      19.3
      19.3
      17.9
      16.5
        15
      13.6
      12.2
      10.8
      9.33
       7.9
      7.19
       6.7
      6.21
      5.72
      5.23
      4.77
      4.33
      3.93
      3.55
      3.21
      2.91
      2.64
      2.41
       2.2
      2.03
      1.87
      1.75
      1.64
      1.55
      1.48
      1.43
      1.39
      1.37
      1.36
      1.37
      1.39
      1.43
      1.48
      1.55
      1.64
      1.75
      1.87
      2.03
       2.2
      2.41
      2.64
      2.91
      3.21
      3.55
      3.93
      4.33
      4.77
      5.23
      5.72
      6.21
       6.7
      7.19
       7.9
      9.33
      10.8
      12.2
      13.6
        15
      16.5
      17.9
      19.3
      19.3
      17.9
      16.5
        15
      13.6
      12.1
      10.7
      9.25
      7.81
      7.08
      6.59
       6.1
      5.61
      5.13
      4.67
      4.23
      3.83
      3.46
      3.12
      2.82
      2.55
      2.31
       2.1
      1.92
      1.77
      1.63
      1.52
      1.43
      1.36
       1.3
      1.27
      1.24
      1.24
      1.24
      1.27
       1.3
      1.36
      1.43
      1.52
      1.63
      1.77
      1.92
       2.1
      2.31
      2.55
      2.82
      3.12
      3.46
      3.83
      4.23
      4.67
      5.13
      5.61
       6.1
      6.59
      7.08
      7.81
      9.25
      10.7
      12.1
      13.6
        15
      16.5
      17.9
      19.3
      19.3
      17.9
      16.4
        15
      13.5
      12.1
      10.6
      9.19
      7.73
         7
       6.5
      6.01
      5.52
      5.05
      4.59
      4.16
      3.75
      3.38
      3.05
      2.74
      2.47
      2.23
      2.02
      1.84
      1.68
      1.55
      1.43
      1.34
      1.27
      1.21
      1.17
      1.14
      1.14
      1.14
      1.17
      1.21
      1.27
      1.34
      1.43
      1.55
      1.68
      1.84
      2.02
      2.23
      2.47
      2.74
      3.05
      3.38
      3.75
      4.16
      4.59
      5.05
      5.52
      6.01
       6.5
         7
      7.73
      9.19
      10.6
      12.1
      13.5
        15
      16.4
      17.9
      19.3
      19.3
      17.9
      16.4
        15
      13.5
      12.1
      10.6
      9.13
      7.67
      6.93
      6.44
      5.94
      5.46
      4.98
      4.53
       4.1
       3.7
      3.33
      2.99
      2.69
      2.42
      2.17
      1.96
      1.78
      1.62
      1.48
      1.36
      1.27
      1.19
      1.13
      1.09
      1.07
      1.06
      1.07
      1.09
      1.13
      1.19
      1.27
      1.36
      1.48
      1.62
      1.78
      1.96
      2.17
      2.42
      2.69
      2.99
      3.33
       3.7
       4.1
      4.53
      4.98
      5.46
      5.94
      6.44
      6.93
      7.67
      9.13
      10.6
      12.1
      13.5
        15
      16.4
      17.9
      19.3
      19.3
      17.9
      16.4
        15
      13.5
        12
      10.6
      9.09
      7.62
      6.88
      6.38
      5.89
       5.4
      4.93
      4.48
      4.05
      3.65
      3.28
      2.95
      2.64
      2.37
      2.13
      1.92
      1.73
      1.57
      1.43
      1.31
      1.21
      1.14
      1.08
      1.03
      1.01
         1
      1.01
      1.03
      1.08
      1.14
      1.21
      1.31
      1.43
      1.57
      1.73
      1.92
      2.13
      2.37
      2.64
      2.95
      3.28
      3.65
      4.05
      4.48
      4.93
       5.4
      5.89
      6.38
      6.88
      7.62
      9.09
      10.6
        12
      13.5
        15
      16.4
      17.9
      19.3
      19.3
      17.9
      16.4
      14.9
      13.5
        12
      10.5
      9.06
      7.58
      6.84
      6.34
      5.85
      5.37
       4.9
      4.44
      4.02
      3.62
      3.25
      2.92
      2.61
      2.34
       2.1
      1.88
      1.69
      1.53
      1.39
      1.27
      1.17
      1.09
      1.03
      0.99
     0.964
     0.956
     0.964
      0.99
      1.03
      1.09
      1.17
      1.27
      1.39
      1.53
      1.69
      1.88
       2.1
      2.34
      2.61
      2.92
      3.25
      3.62
      4.02
      4.44
       4.9
      5.37
      5.85
      6.34
      6.84
      7.58
      9.06
      10.5
        12
      13.5
      14.9
      16.4
      17.9
      19.3
      19.3
      17.9
      16.4
      14.9
      13.5
        12
      10.5
      9.03
      7.55
      6.81
      6.31
      5.82
      5.34
      4.87
      4.42
      3.99
      3.59
      3.23
      2.89
      2.59
      2.32
      2.07
      1.86
      1.67
       1.5
      1.36
      1.24
      1.14
      1.06
     0.999
     0.956
      0.93
     0.921
      0.93
     0.956
     0.999
      1.06
      1.14
      1.24
      1.36
       1.5
      1.67
      1.86
      2.07
      2.32
      2.59
      2.89
      3.23
      3.59
      3.99
      4.42
      4.87
      5.34
      5.82
      6.31
      6.81
      7.55
      9.03
      10.5
        12
      13.5
      14.9
      16.4
      17.9
      19.3
      19.3
      17.9
      16.4
      14.9
      13.4
        12
      10.5
      9.01
      7.52
      6.78
      6.29
      5.79
      5.31
      4.84
       4.4
      3.97
      3.58
      3.21
      2.87
      2.57
       2.3
      2.05
      1.84
      1.65
      1.48
      1.34
      1.22
      1.12
      1.04
     0.974
      0.93
     0.904
     0.895
     0.904
      0.93
     0.974
      1.04
      1.12
      1.22
      1.34
      1.48
      1.65
      1.84
      2.05
       2.3
      2.57
      2.87
      3.21
      3.58
      3.97
       4.4
      4.84
      5.31
      5.79
      6.29
      6.78
      7.52
      9.01
      10.5
        12
      13.4
      14.9
      16.4
      17.9
      19.3
      19.3
      17.9
      16.4
      14.9
      13.4
        12
      10.5
      8.99
       7.5
      6.76
      6.27
      5.78
       5.3
      4.83
      4.38
      3.96
      3.56
       3.2
      2.86
      2.56
      2.28
      2.04
      1.82
      1.63
      1.47
      1.32
       1.2
       1.1
      1.02
     0.956
     0.911
     0.885
     0.876
     0.885
     0.911
     0.956
      1.02
       1.1
       1.2
      1.32
      1.47
      1.63
      1.82
      2.04
      2.28
      2.56
      2.86
       3.2
      3.56
      3.96
      4.38
      4.83
       5.3
      5.78
      6.27
      6.76
       7.5
      8.99
      10.5
        12
      13.4
      14.9
      16.4
      17.9
      19.3
      19.3
      17.9
      16.4
      14.9
      13.4
      11.9
      10.5
      8.98
      7.49
      6.75
      6.25
      5.76
      5.28
      4.82
      4.37
      3.95
      3.55
      3.19
      2.85
      2.55
      2.28
      2.03
      1.81
      1.62
      1.46
      1.31
      1.19
      1.09
      1.01
     0.943
     0.898
     0.872
     0.863
     0.872
     0.898
     0.943
      1.01
      1.09
      1.19
      1.31
      1.46
      1.62
      1.81
      2.03
      2.28
      2.55
      2.85
      3.19
      3.55
      3.95
      4.37
      4.82
      5.28
      5.76
      6.25
      6.75
      7.49
      8.98
      10.5
      11.9
      13.4
      14.9
      16.4
      17.9
      19.3
      19.3
      17.9
      16.4
      14.9
      13.4
      11.9
      10.5
      8.97
      7.48
      6.74
      6.24
      5.75
      5.27
      4.81
      4.36
      3.94
      3.55
      3.18
      2.85
      2.55
      2.27
      2.03
      1.81
      1.62
      1.45
      1.31
      1.18
      1.08
     0.998
     0.935
      0.89
     0.863
     0.854
     0.863
      0.89
     0.935
     0.998
      1.08
      1.18
      1.31
      1.45
      1.62
      1.81
      2.03
      2.27
      2.55
      2.85
      3.18
      3.55
      3.94
      4.36
      4.81
      5.27
      5.75
      6.24
      6.74
      7.48
      8.97
      10.5
      11.9
      13.4
      14.9
      16.4
      17.9
      19.3
      19.3
      17.9
      16.4
      14.9
      13.4
      11.9
      10.4
      8.96
      7.47
      6.73
      6.24
      5.75
      5.27
       4.8
      4.36
      3.94
      3.54
      3.18
      2.85
      2.54
      2.27
      2.02
      1.81
      1.61
      1.45
       1.3
      1.18
      1.08
     0.993
      0.93
     0.885
     0.858
     0.849
     0.858
     0.885
      0.93
     0.993
      1.08
      1.18
       1.3
      1.45
      1.61
      1.81
      2.02
      2.27
      2.54
      2.85
      3.18
      3.54
      3.94
      4.36
       4.8
      5.27
      5.75
      6.24
      6.73
      7.47
      8.96
      10.4
      11.9
      13.4
      14.9
      16.4
      17.9
      19.3
      19.3
      17.9
      16.4
      14.9
      13.4
      11.9
      10.4
      8.96
      7.47
      6.73
      6.23
      5.75
      5.27
       4.8
      4.36
      3.94
      3.54
      3.18
      2.85
      2.54
      2.27
      2.02
      1.81
      1.61
      1.45
       1.3
      1.18
      1.07
     0.992
     0.928
     0.883
     0.856
     0.847
     0.856
     0.883
     0.928
     0.992
      1.07
      1.18
       1.3
      1.45
      1.61
      1.81
      2.02
      2.27
      2.54
      2.85
      3.18
      3.54
      3.94
      4.36
       4.8
      5.27
      5.75
      6.23
      6.73
      7.47
      8.96
      10.4
      11.9
      13.4
      14.9
      16.4
      17.9
      19.3
      19.3
      17.9
      16.4
      14.9
      13.4
      11.9
      10.4
      8.95
      7.47
      6.73
      6.23
      5.74
      5.27
       4.8
      4.36
      3.94
      3.55
      3.18
      2.85
      2.55
      2.27
      2.03
      1.81
      1.62
      1.45
       1.3
      1.18
      1.08
     0.993
     0.929
     0.884
     0.857
     0.848
     0.857
     0.884
     0.929
     0.993
      1.08
      1.18
       1.3
      1.45
      1.62
      1.81
      2.03
      2.27
      2.55
      2.85
      3.18
      3.55
      3.94
      4.36
       4.8
      5.27
      5.74
      6.23
      6.73
      7.47
      8.95
      10.4
      11.9
      13.4
      14.9
      16.4
      17.9
      19.3
      19.3
      17.9
      16.4
      14.9
      13.4
      11.9
      10.4
      8.95
      7.47
      6.73
      6.23
      5.75
      5.27
       4.8
      4.36
      3.94
      3.55
      3.19
      2.85
      2.55
      2.28
      2.03
      1.81
      1.62
      1.45
      1.31
      1.18
      1.08
     0.996
     0.932
     0.887
      0.86
     0.851
      0.86
     0.887
     0.932
     0.996
      1.08
      1.18
      1.31
      1.45
      1.62
      1.81
      2.03
      2.28
      2.55
      2.85
      3.19
      3.55
      3.94
      4.36
       4.8
      5.27
      5.75
      6.23
      6.73
      7.47
      8.95
      10.4
      11.9
      13.4
      14.9
      16.4
      17.9
      19.3
      19.3
      17.9
      16.4
      14.9
      13.4
      11.9
      10.4
      8.96
      7.47
      6.73
      6.24
      5.75
      5.27
      4.81
      4.36
      3.95
      3.55
      3.19
      2.86
      2.55
      2.28
      2.04
      1.82
      1.62
      1.46
      1.31
      1.19
      1.08
         1
     0.937
     0.891
     0.864
     0.855
     0.864
     0.891
     0.937
         1
      1.08
      1.19
      1.31
      1.46
      1.62
      1.82
      2.04
      2.28
      2.55
      2.86
      3.19
      3.55
      3.95
      4.36
      4.81
      5.27
      5.75
      6.24
      6.73
      7.47
      8.96
      10.4
      11.9
      13.4
      14.9
      16.4
      17.9
      19.3
      19.3
      17.9
      16.4
      14.9
      13.4
      11.9
      10.4
      8.96
      7.47
      6.73
      6.24
      5.75
      5.28
      4.81
      4.37
      3.95
      3.56
       3.2
      2.86
      2.56
      2.29
      2.04
      1.82
      1.63
      1.46
      1.32
      1.19
      1.09
      1.01
     0.943
     0.898
     0.871
     0.862
     0.871
     0.898
     0.943
      1.01
      1.09
      1.19
      1.32
      1.46
      1.63
      1.82
      2.04
      2.29
      2.56
      2.86
       3.2
      3.56
      3.95
      4.37
      4.81
      5.28
      5.75
      6.24
      6.73
      7.47
      8.96
      10.4
      11.9
      13.4
      14.9
      16.4
      17.9
      19.3
      19.3
      17.9
      16.4
      14.9
      13.4
      11.9
      10.4
      8.96
      7.48
      6.74
      6.25
      5.76
      5.28
      4.82
      4.38
      3.96
      3.57
       3.2
      2.87
      2.57
       2.3
      2.05
      1.83
      1.64
      1.47
      1.33
       1.2
       1.1
      1.02
     0.951
     0.906
     0.879
      0.87
     0.879
     0.906
     0.951
      1.02
       1.1
       1.2
      1.33
      1.47
      1.64
      1.83
      2.05
       2.3
      2.57
      2.87
       3.2
      3.57
      3.96
      4.38
      4.82
      5.28
      5.76
      6.25
      6.74
      7.48
      8.96
      10.4
      11.9
      13.4
      14.9
      16.4
      17.9
      19.3
      19.3
      17.9
      16.4
      14.9
      13.4
      11.9
      10.4
      8.97
      7.48
      6.74
      6.25
      5.77
      5.29
      4.83
      4.38
      3.97
      3.58
      3.21
      2.88
      2.58
       2.3
      2.06
      1.84
      1.65
      1.48
      1.34
      1.21
      1.11
      1.02
     0.961
     0.915
     0.888
     0.879
     0.888
     0.915
     0.961
      1.02
      1.11
      1.21
      1.34
      1.48
      1.65
      1.84
      2.06
       2.3
      2.58
      2.88
      3.21
      3.58
      3.97
      4.38
      4.83
      5.29
      5.77
      6.25
      6.74
      7.48
      8.97
      10.4
      11.9
      13.4
      14.9
      16.4
      17.9
      19.3
      19.3
      17.9
      16.4
      14.9
      13.4
      11.9
      10.5
      8.97
      7.49
      6.75
      6.26
      5.77
       5.3
      4.84
      4.39
      3.98
      3.58
      3.22
      2.89
      2.59
      2.31
      2.07
      1.85
      1.66
      1.49
      1.35
      1.22
      1.12
      1.04
     0.971
     0.925
     0.898
     0.889
     0.898
     0.925
     0.971
      1.04
      1.12
      1.22
      1.35
      1.49
      1.66
      1.85
      2.07
      2.31
      2.59
      2.89
      3.22
      3.58
      3.98
      4.39
      4.84
       5.3
      5.77
      6.26
      6.75
      7.49
      8.97
      10.5
      11.9
      13.4
      14.9
      16.4
      17.9
      19.3
      19.3
      17.9
      16.4
      14.9
      13.4
      11.9
      10.5
      8.98
       7.5
      6.76
      6.27
      5.78
      5.31
      4.84
       4.4
      3.99
       3.6
      3.23
       2.9
       2.6
      2.33
      2.08
      1.86
      1.67
       1.5
      1.36
      1.23
      1.13
      1.05
     0.983
     0.937
      0.91
     0.901
      0.91
     0.937
     0.983
      1.05
      1.13
      1.23
      1.36
       1.5
      1.67
      1.86
      2.08
      2.33
       2.6
       2.9
      3.23
       3.6
      3.99
       4.4
      4.84
      5.31
      5.78
      6.27
      6.76
       7.5
      8.98
      10.5
      11.9
      13.4
      14.9
      16.4
      17.9
      19.3
      19.3
      17.9
      16.4
      14.9
      13.4
      11.9
      10.5
      8.99
      7.51
      6.77
      6.28
      5.79
      5.32
      4.86
      4.41
         4
      3.61
      3.24
      2.91
      2.61
      2.34
      2.09
      1.88
      1.68
      1.52
      1.37
      1.25
      1.14
      1.06
     0.995
      0.95
     0.923
     0.914
     0.923
      0.95
     0.995
      1.06
      1.14
      1.25
      1.37
      1.52
      1.68
      1.88
      2.09
      2.34
      2.61
      2.91
      3.24
      3.61
         4
      4.41
      4.86
      5.32
      5.79
      6.28
      6.77
      7.51
      8.99
      10.5
      11.9
      13.4
      14.9
      16.4
      17.9
      19.3
      19.3
      17.9
      16.4
      14.9
      13.4
        12
      10.5
      8.99
      7.52
      6.78
      6.29
       5.8
      5.33
      4.87
      4.43
      4.01
      3.62
      3.26
      2.93
      2.62
      2.35
      2.11
      1.89
       1.7
      1.53
      1.38
      1.26
      1.16
      1.07
      1.01
     0.964
     0.936
     0.927
     0.936
     0.964
      1.01
      1.07
      1.16
      1.26
      1.38
      1.53
       1.7
      1.89
      2.11
      2.35
      2.62
      2.93
      3.26
      3.62
      4.01
      4.43
      4.87
      5.33
       5.8
      6.29
      6.78
      7.52
      8.99
      10.5
        12
      13.4
      14.9
      16.4
      17.9
      19.3
      19.3
      17.9
      16.4
      14.9
      13.4
        12
      10.5
         9
      7.53
      6.79
       6.3
      5.81
      5.34
      4.88
      4.44
      4.02
      3.63
      3.27
      2.94
      2.64
      2.37
      2.12
       1.9
      1.71
      1.54
       1.4
      1.27
      1.17
      1.09
      1.02
     0.979
     0.951
     0.942
     0.951
     0.979
      1.02
      1.09
      1.17
      1.27
       1.4
      1.54
      1.71
       1.9
      2.12
      2.37
      2.64
      2.94
      3.27
      3.63
      4.02
      4.44
      4.88
      5.34
      5.81
       6.3
      6.79
      7.53
         9
      10.5
        12
      13.4
      14.9
      16.4
      17.9
      19.3
      19.3
      17.9
      16.4
      14.9
      13.4
        12
      10.5
      9.01
      7.54
       6.8
      6.31
      5.83
      5.35
      4.89
      4.45
      4.04
      3.65
      3.29
      2.95
      2.65
      2.38
      2.14
      1.92
      1.73
      1.56
      1.41
      1.29
      1.19
       1.1
      1.04
     0.995
     0.967
     0.958
     0.967
     0.995
      1.04
       1.1
      1.19
      1.29
      1.41
      1.56
      1.73
      1.92
      2.14
      2.38
      2.65
      2.95
      3.29
      3.65
      4.04
      4.45
      4.89
      5.35
      5.83
      6.31
       6.8
      7.54
      9.01
      10.5
        12
      13.4
      14.9
      16.4
      17.9
      19.3
      19.3
      17.9
      16.4
      14.9
      13.4
        12
      10.5
      9.02
      7.55
      6.81
      6.32
      5.84
      5.37
      4.91
      4.47
      4.05
      3.66
       3.3
      2.97
      2.67
       2.4
      2.15
      1.94
      1.74
      1.58
      1.43
      1.31
       1.2
      1.12
      1.06
      1.01
     0.984
     0.975
     0.984
      1.01
      1.06
      1.12
       1.2
      1.31
      1.43
      1.58
      1.74
      1.94
      2.15
       2.4
      2.67
      2.97
       3.3
      3.66
      4.05
      4.47
      4.91
      5.37
      5.84
      6.32
      6.81
      7.55
      9.02
      10.5
        12
      13.4
      14.9
      16.4
      17.9
      19.3
      19.3
      17.9
      16.4
      14.9
      13.5
        12
      10.5
      9.03
      7.56
      6.83
      6.34
      5.85
      5.38
      4.92
      4.48
      4.07
      3.68
      3.32
      2.99
      2.69
      2.41
      2.17
      1.95
      1.76
      1.59
      1.45
      1.33
      1.22
      1.14
      1.08
      1.03
         1
     0.994
         1
      1.03
      1.08
      1.14
      1.22
      1.33
      1.45
      1.59
      1.76
      1.95
      2.17
      2.41
      2.69
      2.99
      3.32
      3.68
      4.07
      4.48
      4.92
      5.38
      5.85
      6.34
      6.83
      7.56
      9.03
      10.5
        12
      13.5
      14.9
      16.4
      17.9
      19.3
      19.3
      17.9
      16.4
      14.9
      13.5
        12
      10.5
      9.05
      7.58
      6.84
      6.35
      5.87
       5.4
      4.94
       4.5
      4.08
       3.7
      3.34
         3
       2.7
      2.43
      2.19
      1.97
      1.78
      1.61
      1.47
      1.34
      1.24
      1.16
      1.09
      1.05
      1.02
      1.01
      1.02
      1.05
      1.09
      1.16
      1.24
      1.34
      1.47
      1.61
      1.78
      1.97
      2.19
      2.43
       2.7
         3
      3.34
       3.7
      4.08
       4.5
      4.94
       5.4
      5.87
      6.35
      6.84
      7.58
      9.05
      10.5
        12
      13.5
      14.9
      16.4
      17.9
      19.3
      19.3
      17.9
      16.4
      14.9
      13.5
        12
      10.5
      9.06
      7.59
      6.86
      6.37
      5.89
      5.41
      4.96
      4.52
       4.1
      3.71
      3.35
      3.02
      2.72
      2.45
      2.21
      1.99
       1.8
      1.63
      1.49
      1.36
      1.26
      1.18
      1.12
      1.07
      1.04
      1.03
      1.04
      1.07
      1.12
      1.18
      1.26
      1.36
      1.49
      1.63
       1.8
      1.99
      2.21
      2.45
      2.72
      3.02
      3.35
      3.71
       4.1
      4.52
      4.96
      5.41
      5.89
      6.37
      6.86
      7.59
      9.06
      10.5
        12
      13.5
      14.9
      16.4
      17.9
      19.3
      19.3
      17.9
      16.4
      14.9
      13.5
        12
      10.5
      9.07
      7.61
      6.87
      6.39
       5.9
      5.43
      4.97
      4.54
      4.12
      3.73
      3.37
      3.04
      2.74
      2.47
      2.23
      2.01
      1.82
      1.65
      1.51
      1.39
      1.28
       1.2
      1.14
      1.09
      1.07
      1.06
      1.07
      1.09
      1.14
       1.2
      1.28
      1.39
      1.51
      1.65
      1.82
      2.01
      2.23
      2.47
      2.74
      3.04
      3.37
      3.73
      4.12
      4.54
      4.97
      5.43
       5.9
      6.39
      6.87
      7.61
      9.07
      10.5
        12
      13.5
      14.9
      16.4
      17.9
      19.3
      19.3
      17.9
      16.4
      14.9
      13.5
        12
      10.6
      9.09
      7.62
      6.89
       6.4
      5.92
      5.45
      4.99
      4.56
      4.14
      3.75
       3.4
      3.07
      2.77
      2.49
      2.25
      2.04
      1.84
      1.68
      1.53
      1.41
      1.31
      1.22
      1.16
      1.12
      1.09
      1.08
      1.09
      1.12
      1.16
      1.22
      1.31
      1.41
      1.53
      1.68
      1.84
      2.04
      2.25
      2.49
      2.77
      3.07
       3.4
      3.75
      4.14
      4.56
      4.99
      5.45
      5.92
       6.4
      6.89
      7.62
      9.09
      10.6
        12
      13.5
      14.9
      16.4
      17.9
      19.3
      19.3
      17.9
      16.4
        15
      13.5
        12
      10.6
       9.1
      7.64
      6.91
      6.42
      5.94
      5.47
      5.02
      4.58
      4.16
      3.78
      3.42
      3.09
      2.79
      2.52
      2.28
      2.06
      1.87
       1.7
      1.56
      1.43
      1.33
      1.25
      1.19
      1.14
      1.11
       1.1
      1.11
      1.14
      1.19
      1.25
      1.33
      1.43
      1.56
       1.7
      1.87
      2.06
      2.28
      2.52
      2.79
      3.09
      3.42
      3.78
      4.16
      4.58
      5.02
      5.47
      5.94
      6.42
      6.91
      7.64
       9.1
      10.6
        12
      13.5
        15
      16.4
      17.9
      19.3
      19.3
      17.9
      16.4
        15
      13.5
        12
      10.6
      9.12
      7.66
      6.93
      6.45
      5.97
      5.49
      5.04
       4.6
      4.19
       3.8
      3.44
      3.11
      2.81
      2.54
       2.3
      2.09
      1.89
      1.73
      1.58
      1.46
      1.36
      1.28
      1.21
      1.17
      1.14
      1.13
      1.14
      1.17
      1.21
      1.28
      1.36
      1.46
      1.58
      1.73
      1.89
      2.09
       2.3
      2.54
      2.81
      3.11
      3.44
       3.8
      4.19
       4.6
      5.04
      5.49
      5.97
      6.45
      6.93
      7.66
      9.12
      10.6
        12
      13.5
        15
      16.4
      17.9
      19.3
      19.3
      17.9
      16.4
        15
      13.5
      12.1
      10.6
      9.14
      7.68
      6.95
      6.47
      5.99
      5.52
      5.06
      4.63
      4.21
      3.83
      3.47
      3.14
      2.84
      2.57
      2.33
      2.11
      1.92
      1.76
      1.61
      1.49
      1.39
       1.3
      1.24
       1.2
      1.17
      1.16
      1.17
       1.2
      1.24
       1.3
      1.39
      1.49
      1.61
      1.76
      1.92
      2.11
      2.33
      2.57
      2.84
      3.14
      3.47
      3.83
      4.21
      4.63
      5.06
      5.52
      5.99
      6.47
      6.95
      7.68
      9.14
      10.6
      12.1
      13.5
        15
      16.4
      17.9
      19.3
      19.3
      17.9
      16.4
        15
      13.5
      12.1
      10.6
      9.16
       7.7
      6.98
      6.49
      6.01
      5.54
      5.09
      4.65
      4.24
      3.85
       3.5
      3.17
      2.87
       2.6
      2.36
      2.14
      1.95
      1.79
      1.64
      1.52
      1.42
      1.34
      1.27
      1.23
       1.2
      1.19
       1.2
      1.23
      1.27
      1.34
      1.42
      1.52
      1.64
      1.79
      1.95
      2.14
      2.36
       2.6
      2.87
      3.17
       3.5
      3.85
      4.24
      4.65
      5.09
      5.54
      6.01
      6.49
      6.98
       7.7
      9.16
      10.6
      12.1
      13.5
        15
      16.4
      17.9
      19.3
      19.3
      17.9
      16.4
        15
      13.5
      12.1
      10.6
      9.18
      7.73
         7
      6.52
      6.04
      5.57
      5.12
      4.68
      4.27
      3.88
      3.53
       3.2
       2.9
      2.63
      2.39
      2.17
      1.98
      1.82
      1.67
      1.55
      1.45
      1.37
       1.3
      1.26
      1.23
      1.22
      1.23
      1.26
       1.3
      1.37
      1.45
      1.55
      1.67
      1.82
      1.98
      2.17
      2.39
      2.63
       2.9
       3.2
      3.53
      3.88
      4.27
      4.68
      5.12
      5.57
      6.04
      6.52
         7
      7.73
      9.18
      10.6
      12.1
      13.5
        15
      16.4
      17.9
      19.3
      19.3
      17.9
      16.4
        15
      13.6
      12.1
      10.7
      9.21
      7.76
      7.03
      6.55
      6.07
       5.6
      5.15
      4.71
       4.3
      3.92
      3.56
      3.23
      2.93
      2.66
      2.42
      2.21
      2.02
      1.85
      1.71
      1.59
      1.49
       1.4
      1.34
       1.3
      1.27
      1.26
      1.27
       1.3
      1.34
       1.4
      1.49
      1.59
      1.71
      1.85
      2.02
      2.21
      2.42
      2.66
      2.93
      3.23
      3.56
      3.92
       4.3
      4.71
      5.15
       5.6
      6.07
      6.55
      7.03
      7.76
      9.21
      10.7
      12.1
      13.6
        15
      16.4
      17.9
      19.3
      19.3
      17.9
      16.5
        15
      13.6
      12.1
      10.7
      9.23
      7.79
      7.06
      6.58
       6.1
      5.64
      5.18
      4.75
      4.34
      3.95
      3.59
      3.27
      2.97
       2.7
      2.46
      2.24
      2.05
      1.89
      1.75
      1.62
      1.52
      1.44
      1.38
      1.33
      1.31
       1.3
      1.31
      1.33
      1.38
      1.44
      1.52
      1.62
      1.75
      1.89
      2.05
      2.24
      2.46
       2.7
      2.97
      3.27
      3.59
      3.95
      4.34
      4.75
      5.18
      5.64
       6.1
      6.58
      7.06
      7.79
      9.23
      10.7
      12.1
      13.6
        15
      16.5
      17.9
      19.3
      19.3
      17.9
      16.5
        15
      13.6
      12.1
      10.7
      9.26
      7.82
       7.1
      6.62
      6.14
      5.67
      5.22
      4.78
      4.37
      3.99
      3.63
       3.3
      3.01
      2.74
       2.5
      2.28
      2.09
      1.93
      1.79
      1.67
      1.56
      1.48
      1.42
      1.38
      1.35
      1.34
      1.35
      1.38
      1.42
      1.48
      1.56
      1.67
      1.79
      1.93
      2.09
      2.28
       2.5
      2.74
      3.01
       3.3
      3.63
      3.99
      4.37
      4.78
      5.22
      5.67
      6.14
      6.62
       7.1
      7.82
      9.26
      10.7
      12.1
      13.6
        15
      16.5
      17.9
      19.3
      19.3
      17.9
      16.5
        15
      13.6
      12.2
      10.7
      9.29
      7.85
      7.13
      6.65
      6.18
      5.71
      5.26
      4.82
      4.41
      4.03
      3.67
      3.35
      3.05
      2.78
      2.54
      2.33
      2.14
      1.97
      1.83
      1.71
      1.61
      1.53
      1.47
      1.42
       1.4
      1.39
       1.4
      1.42
      1.47
      1.53
      1.61
      1.71
      1.83
      1.97
      2.14
      2.33
      2.54
      2.78
      3.05
      3.35
      3.67
      4.03
      4.41
      4.82
      5.26
      5.71
      6.18
      6.65
      7.13
      7.85
      9.29
      10.7
      12.2
      13.6
        15
      16.5
      17.9
      19.3
      19.3
      17.9
      16.5
      15.1
      13.6
      12.2
      10.8
      9.33
      7.89
      7.18
       6.7
      6.22
      5.76
       5.3
      4.87
      4.46
      4.07
      3.72
      3.39
      3.09
      2.82
      2.59
      2.37
      2.18
      2.02
      1.88
      1.76
      1.66
      1.58
      1.52
      1.47
      1.45
      1.44
      1.45
      1.47
      1.52
      1.58
      1.66
      1.76
      1.88
      2.02
      2.18
      2.37
      2.59
      2.82
      3.09
      3.39
      3.72
      4.07
      4.46
      4.87
       5.3
      5.76
      6.22
       6.7
      7.18
      7.89
      9.33
      10.8
      12.2
      13.6
      15.1
      16.5
      17.9
      19.3
      19.3
      17.9
      16.5
      15.1
      13.7
      12.2
      10.8
      9.37
      7.94
      7.22
      6.74
      6.27
       5.8
      5.35
      4.92
      4.51
      4.12
      3.77
      3.44
      3.14
      2.88
      2.64
      2.42
      2.24
      2.07
      1.93
      1.81
      1.71
      1.63
      1.57
      1.53
       1.5
      1.49
       1.5
      1.53
      1.57
      1.63
      1.71
      1.81
      1.93
      2.07
      2.24
      2.42
      2.64
      2.88
      3.14
      3.44
      3.77
      4.12
      4.51
      4.92
      5.35
       5.8
      6.27
      6.74
      7.22
      7.94
      9.37
      10.8
      12.2
      13.7
      15.1
      16.5
      17.9
      19.3
      19.3
      17.9
      16.5
      15.1
      13.7
      12.3
      10.8
      9.41
      7.99
      7.27
       6.8
      6.32
      5.86
      5.41
      4.97
      4.56
      4.18
      3.82
      3.49
       3.2
      2.93
      2.69
      2.48
      2.29
      2.13
      1.99
      1.87
      1.77
      1.69
      1.63
      1.59
      1.56
      1.55
      1.56
      1.59
      1.63
      1.69
      1.77
      1.87
      1.99
      2.13
      2.29
      2.48
      2.69
      2.93
       3.2
      3.49
      3.82
      4.18
      4.56
      4.97
      5.41
      5.86
      6.32
       6.8
      7.27
      7.99
      9.41
      10.8
      12.3
      13.7
      15.1
      16.5
      17.9
      19.3
      19.3
      17.9
      16.5
      15.1
      13.7
      12.3
      10.9
      9.46
      8.04
      7.33
      6.86
      6.39
      5.92
      5.47
      5.03
      4.62
      4.24
      3.88
      3.55
      3.26
      2.99
      2.75
      2.54
      2.36
      2.19
      2.05
      1.94
      1.84
      1.76
       1.7
      1.66
      1.63
      1.62
      1.63
      1.66
       1.7
      1.76
      1.84
      1.94
      2.05
      2.19
      2.36
      2.54
      2.75
      2.99
      3.26
      3.55
      3.88
      4.24
      4.62
      5.03
      5.47
      5.92
      6.39
      6.86
      7.33
      8.04
      9.46
      10.9
      12.3
      13.7
      15.1
      16.5
      17.9
      19.3
      19.3
      17.9
      16.5
      15.1
      13.7
      12.3
      10.9
      9.52
      8.11
       7.4
      6.93
      6.45
      5.99
      5.54
       5.1
      4.69
       4.3
      3.95
      3.62
      3.33
      3.06
      2.82
      2.61
      2.43
      2.27
      2.13
      2.01
      1.91
      1.83
      1.77
      1.73
      1.71
       1.7
      1.71
      1.73
      1.77
      1.83
      1.91
      2.01
      2.13
      2.27
      2.43
      2.61
      2.82
      3.06
      3.33
      3.62
      3.95
       4.3
      4.69
       5.1
      5.54
      5.99
      6.45
      6.93
       7.4
      8.11
      9.52
      10.9
      12.3
      13.7
      15.1
      16.5
      17.9
      19.3
      19.3
        18
      16.6
      15.2
      13.8
      12.4
        11
      9.59
      8.18
      7.48
      7.01
      6.53
      6.07
      5.62
      5.18
      4.77
      4.38
      4.02
       3.7
       3.4
      3.14
       2.9
      2.69
      2.51
      2.35
      2.21
      2.09
         2
      1.92
      1.86
      1.82
      1.79
      1.79
      1.79
      1.82
      1.86
      1.92
         2
      2.09
      2.21
      2.35
      2.51
      2.69
       2.9
      3.14
       3.4
       3.7
      4.02
      4.38
      4.77
      5.18
      5.62
      6.07
      6.53
      7.01
      7.48
      8.18
      9.59
        11
      12.4
      13.8
      15.2
      16.6
        18
      19.3
      19.3
        18
      16.6
      15.2
      13.8
      12.4
      11.1
      9.67
      8.27
      7.57
       7.1
      6.63
      6.16
      5.71
      5.27
      4.86
      4.47
      4.11
      3.78
      3.49
      3.22
      2.99
      2.78
       2.6
      2.44
       2.3
      2.19
      2.09
      2.02
      1.96
      1.92
      1.89
      1.89
      1.89
      1.92
      1.96
      2.02
      2.09
      2.19
       2.3
      2.44
       2.6
      2.78
      2.99
      3.22
      3.49
      3.78
      4.11
      4.47
      4.86
      5.27
      5.71
      6.16
      6.63
       7.1
      7.57
      8.27
      9.67
      11.1
      12.4
      13.8
      15.2
      16.6
        18
      19.3
      19.3
        18
      16.6
      15.2
      13.9
      12.5
      11.1
      9.75
      8.37
      7.67
       7.2
      6.73
      6.27
      5.81
      5.37
      4.96
      4.57
      4.21
      3.88
      3.59
      3.32
      3.09
      2.88
       2.7
      2.54
      2.41
       2.3
       2.2
      2.13
      2.07
      2.03
      2.01
         2
      2.01
      2.03
      2.07
      2.13
       2.2
       2.3
      2.41
      2.54
       2.7
      2.88
      3.09
      3.32
      3.59
      3.88
      4.21
      4.57
      4.96
      5.37
      5.81
      6.27
      6.73
       7.2
      7.67
      8.37
      9.75
      11.1
      12.5
      13.9
      15.2
      16.6
        18
      19.3
      19.3
        18
      16.6
      15.3
      13.9
      12.6
      11.2
      9.86
      8.48
      7.79
      7.33
      6.86
      6.39
      5.93
      5.49
      5.07
      4.68
      4.32
         4
       3.7
      3.44
       3.2
         3
      2.82
      2.67
      2.54
      2.43
      2.33
      2.26
      2.21
      2.17
      2.14
      2.14
      2.14
      2.17
      2.21
      2.26
      2.33
      2.43
      2.54
      2.67
      2.82
         3
       3.2
      3.44
       3.7
         4
      4.32
      4.68
      5.07
      5.49
      5.93
      6.39
      6.86
      7.33
      7.79
      8.48
      9.86
      11.2
      12.6
      13.9
      15.3
      16.6
        18
      19.3
      19.3
        18
      16.7
      15.3
        14
      12.7
      11.3
      9.97
      8.62
      7.94
      7.47
         7
      6.54
      6.08
      5.63
      5.21
      4.82
      4.46
      4.13
      3.84
      3.57
      3.34
      3.14
      2.96
      2.81
      2.68
      2.58
      2.49
      2.42
      2.36
      2.32
       2.3
      2.29
       2.3
      2.32
      2.36
      2.42
      2.49
      2.58
      2.68
      2.81
      2.96
      3.14
      3.34
      3.57
      3.84
      4.13
      4.46
      4.82
      5.21
      5.63
      6.08
      6.54
         7
      7.47
      7.94
      8.62
      9.97
      11.3
      12.7
        14
      15.3
      16.7
        18
      19.3
      19.3
        18
      16.7
      15.4
      14.1
      12.8
      11.4
      10.1
      8.78
      8.11
      7.65
      7.18
      6.71
      6.25
       5.8
      5.38
      4.98
      4.62
      4.29
         4
      3.73
       3.5
       3.3
      3.13
      2.98
      2.86
      2.75
      2.67
       2.6
      2.55
      2.51
      2.49
      2.48
      2.49
      2.51
      2.55
       2.6
      2.67
      2.75
      2.86
      2.98
      3.13
       3.3
       3.5
      3.73
         4
      4.29
      4.62
      4.98
      5.38
       5.8
      6.25
      6.71
      7.18
      7.65
      8.11
      8.78
      10.1
      11.4
      12.8
      14.1
      15.4
      16.7
        18
      19.3
      19.3
        18
      16.7
      15.4
      14.1
      12.8
      11.6
      10.3
      8.97
      8.31
      7.86
      7.39
      6.93
      6.46
      6.01
      5.58
      5.18
      4.82
      4.49
      4.19
      3.93
       3.7
      3.51
      3.34
      3.19
      3.07
      2.97
      2.89
      2.83
      2.78
      2.74
      2.72
      2.71
      2.72
      2.74
      2.78
      2.83
      2.89
      2.97
      3.07
      3.19
      3.34
      3.51
       3.7
      3.93
      4.19
      4.49
      4.82
      5.18
      5.58
      6.01
      6.46
      6.93
      7.39
      7.86
      8.31
      8.97
      10.3
      11.6
      12.8
      14.1
      15.4
      16.7
        18
      19.3
      19.3
        18
      16.8
      15.5
      14.2
      12.9
      11.7
      10.4
      9.19
      8.56
      8.12
      7.66
      7.19
      6.72
      6.27
      5.83
      5.43
      5.06
      4.73
      4.43
      4.17
      3.95
      3.76
      3.59
      3.45
      3.34
      3.24
      3.16
       3.1
      3.06
      3.02
         3
         3
         3
      3.02
      3.06
       3.1
      3.16
      3.24
      3.34
      3.45
      3.59
      3.76
      3.95
      4.17
      4.43
      4.73
      5.06
      5.43
      5.83
      6.27
      6.72
      7.19
      7.66
      8.12
      8.56
      9.19
      10.4
      11.7
      12.9
      14.2
      15.5
      16.8
        18
      19.3
      19.3
      18.1
      16.8
      15.5
      14.2
        13
      11.8
      10.6
      9.44
      8.87
      8.45
         8
      7.53
      7.06
      6.59
      6.16
      5.75
      5.37
      5.04
      4.75
      4.49
      4.27
      4.08
      3.92
      3.79
      3.68
      3.58
      3.51
      3.45
      3.41
      3.38
      3.36
      3.36
      3.36
      3.38
      3.41
      3.45
      3.51
      3.58
      3.68
      3.79
      3.92
      4.08
      4.27
      4.49
      4.75
      5.04
      5.37
      5.75
      6.16
      6.59
      7.06
      7.53
         8
      8.45
      8.87
      9.44
      10.6
      11.8
        13
      14.2
      15.5
      16.8
      18.1
      19.3
      19.3
        18
      16.7
      15.5
      14.3
        13
      11.9
      10.7
      9.63
      9.09
      8.68
      8.24
      7.77
       7.3
      6.83
      6.39
      5.97
       5.6
      5.26
      4.97
      4.72
       4.5
      4.31
      4.16
      4.03
      3.92
      3.84
      3.77
      3.71
      3.67
      3.64
      3.63
      3.62
      3.63
      3.64
      3.67
      3.71
      3.77
      3.84
      3.92
      4.03
      4.16
      4.31
       4.5
      4.72
      4.97
      5.26
       5.6
      5.97
      6.39
      6.83
       7.3
      7.77
      8.24
      8.68
      9.09
      9.63
      10.7
      11.9
        13
      14.3
      15.5
      16.7
        18
      19.3
      19.3
        18
      16.7
      15.4
      14.2
        13
      11.9
      10.8
      9.75
      9.24
      8.84
      8.41
      7.94
      7.47
         7
      6.56
      6.14
      5.77
      5.43
      5.14
      4.89
      4.67
      4.49
      4.34
      4.21
      4.11
      4.03
      3.96
      3.91
      3.87
      3.85
      3.83
      3.83
      3.83
      3.85
      3.87
      3.91
      3.96
      4.03
      4.11
      4.21
      4.34
      4.49
      4.67
      4.89
      5.14
      5.43
      5.77
      6.14
      6.56
         7
      7.47
      7.94
      8.41
      8.84
      9.24
      9.75
      10.8
      11.9
        13
      14.2
      15.4
      16.7
        18
      19.3
      19.3
      17.9
      16.5
      15.2
        14
      12.9
      11.8
      10.8
       9.8
      9.32
      8.95
      8.52
      8.06
      7.59
      7.13
      6.69
      6.27
       5.9
      5.56
      5.27
      5.02
      4.81
      4.63
      4.48
      4.36
      4.26
      4.18
      4.12
      4.07
      4.03
      4.01
      3.99
      3.99
      3.99
      4.01
      4.03
      4.07
      4.12
      4.18
      4.26
      4.36
      4.48
      4.63
      4.81
      5.02
      5.27
      5.56
       5.9
      6.27
      6.69
      7.13
      7.59
      8.06
      8.52
      8.95
      9.32
       9.8
      10.8
      11.8
      12.9
        14
      15.2
      16.5
      17.9
      19.3
      19.3
      17.6
      16.1
      14.9
      13.7
      12.6
      11.7
      10.7
       9.8
      9.36
         9
      8.59
      8.15
      7.69
      7.23
      6.79
      6.38
      6.01
      5.67
      5.39
      5.14
      4.93
      4.75
      4.61
      4.49
      4.39
      4.31
      4.25
       4.2
      4.17
      4.14
      4.13
      4.12
      4.13
      4.14
      4.17
       4.2
      4.25
      4.31
      4.39
      4.49
      4.61
      4.75
      4.93
      5.14
      5.39
      5.67
      6.01
      6.38
      6.79
      7.23
      7.69
      8.15
      8.59
         9
      9.36
       9.8
      10.7
      11.7
      12.6
      13.7
      14.9
      16.1
      17.6
      19.3
      19.3
      16.9
      15.4
      14.2
      13.2
      12.3
      11.4
      10.6
      9.74
      9.35
      9.02
      8.63
      8.21
      7.76
      7.31
      6.88
      6.47
       6.1
      5.78
      5.49
      5.24
      5.03
      4.86
      4.72
       4.6
       4.5
      4.43
      4.37
      4.32
      4.29
      4.26
      4.25
      4.24
      4.25
      4.26
      4.29
      4.32
      4.37
      4.43
       4.5
       4.6
      4.72
      4.86
      5.03
      5.24
      5.49
      5.78
       6.1
      6.47
      6.88
      7.31
      7.76
      8.21
      8.63
      9.02
      9.35
      9.74
      10.6
      11.4
      12.3
      13.2
      14.2
      15.4
      16.9
      19.3
      14.4
      14.4
      13.8
      13.2
      12.5
      11.8
        11
      10.3
      9.65
      9.32
      9.02
      8.65
      8.25
      7.81
      7.38
      6.96
      6.56
      6.19
      5.87
      5.59
      5.34
      5.14
      4.96
      4.82
      4.71
      4.61
      4.54
      4.48
      4.43
       4.4
      4.37
      4.36
      4.36
      4.36
      4.37
       4.4
      4.43
      4.48
      4.54
      4.61
      4.71
      4.82
      4.96
      5.14
      5.34
      5.59
      5.87
      6.19
      6.56
      6.96
      7.38
      7.81
      8.25
      8.65
      9.02
      9.32
      9.65
      10.3
        11
      11.8
      12.5
      13.2
      13.8
      14.4
      14.4
      12.9
      12.9
      12.6
      12.2
      11.8
      11.2
      10.7
      10.1
      9.55
      9.27
         9
      8.66
      8.28
      7.86
      7.44
      7.03
      6.64
      6.28
      5.96
      5.68
      5.44
      5.24
      5.06
      4.92
      4.81
      4.71
      4.64
      4.58
      4.53
       4.5
      4.48
      4.46
      4.46
      4.46
      4.48
       4.5
      4.53
      4.58
      4.64
      4.71
      4.81
      4.92
      5.06
      5.24
      5.44
      5.68
      5.96
      6.28
      6.64
      7.03
      7.44
      7.86
      8.28
      8.66
         9
      9.27
      9.55
      10.1
      10.7
      11.2
      11.8
      12.2
      12.6
      12.9
      12.9
      11.9
      11.9
      11.7
      11.5
      11.2
      10.8
      10.4
       9.9
      9.44
      9.21
      8.97
      8.66
       8.3
       7.9
       7.5
       7.1
      6.72
      6.37
      6.05
      5.78
      5.54
      5.33
      5.16
      5.02
      4.91
      4.81
      4.74
      4.68
      4.64
       4.6
      4.58
      4.57
      4.56
      4.57
      4.58
       4.6
      4.64
      4.68
      4.74
      4.81
      4.91
      5.02
      5.16
      5.33
      5.54
      5.78
      6.05
      6.37
      6.72
       7.1
       7.5
       7.9
       8.3
      8.66
      8.97
      9.21
      9.44
       9.9
      10.4
      10.8
      11.2
      11.5
      11.7
      11.9
      11.9
      11.2
      11.2
      11.1
      10.9
      10.7
      10.4
      10.1
      9.72
      9.35
      9.17
      8.95
      8.67
      8.32
      7.95
      7.55
      7.17
       6.8
      6.45
      6.14
      5.87
      5.63
      5.43
      5.26
      5.12
      5.01
      4.92
      4.84
      4.78
      4.74
       4.7
      4.68
      4.67
      4.66
      4.67
      4.68
       4.7
      4.74
      4.78
      4.84
      4.92
      5.01
      5.12
      5.26
      5.43
      5.63
      5.87
      6.14
      6.45
       6.8
      7.17
      7.55
      7.95
      8.32
      8.67
      8.95
      9.17
      9.35
      9.72
      10.1
      10.4
      10.7
      10.9
      11.1
      11.2
      11.2
      10.7
      10.7
      10.6
      10.5
      10.3
      10.1
      9.85
      9.57
      9.28
      9.13
      8.94
      8.67
      8.35
      7.99
      7.61
      7.24
      6.87
      6.54
      6.23
      5.96
      5.73
      5.53
      5.36
      5.22
      5.11
      5.02
      4.94
      4.88
      4.84
       4.8
      4.78
      4.77
      4.76
      4.77
      4.78
       4.8
      4.84
      4.88
      4.94
      5.02
      5.11
      5.22
      5.36
      5.53
      5.73
      5.96
      6.23
      6.54
      6.87
      7.24
      7.61
      7.99
      8.35
      8.67
      8.94
      9.13
      9.28
      9.57
      9.85
      10.1
      10.3
      10.5
      10.6
      10.7
      10.7
      10.3
      10.3
      10.3
      10.2
        10
      9.87
      9.68
      9.46
      9.23
      9.11
      8.94
      8.69
      8.38
      8.04
      7.67
      7.31
      6.95
      6.62
      6.33
      6.06
      5.83
      5.63
      5.46
      5.32
      5.21
      5.12
      5.04
      4.98
      4.94
       4.9
      4.88
      4.87
      4.86
      4.87
      4.88
       4.9
      4.94
      4.98
      5.04
      5.12
      5.21
      5.32
      5.46
      5.63
      5.83
      6.06
      6.33
      6.62
      6.95
      7.31
      7.67
      8.04
      8.38
      8.69
      8.94
      9.11
      9.23
      9.46
      9.68
      9.87
        10
      10.2
      10.3
      10.3
      10.3
        10
        10
        10
      9.94
      9.84
      9.71
      9.55
      9.38
       9.2
       9.1
      8.95
      8.72
      8.42
      8.09
      7.74
      7.38
      7.04
      6.71
      6.42
      6.16
      5.93
      5.73
      5.56
      5.42
      5.31
      5.22
      5.14
      5.08
      5.04
         5
      4.98
      4.97
      4.96
      4.97
      4.98
         5
      5.04
      5.08
      5.14
      5.22
      5.31
      5.42
      5.56
      5.73
      5.93
      6.16
      6.42
      6.71
      7.04
      7.38
      7.74
      8.09
      8.42
      8.72
      8.95
       9.1
       9.2
      9.38
      9.55
      9.71
      9.84
      9.94
        10
        10
        10
      9.86
      9.86
      9.83
      9.78
       9.7
      9.59
      9.47
      9.33
      9.19
      9.11
      8.97
      8.75
      8.47
      8.15
      7.81
      7.46
      7.12
       6.8
      6.51
      6.25
      6.02
      5.83
      5.66
      5.53
      5.41
      5.32
      5.24
      5.18
      5.14
       5.1
      5.08
      5.07
      5.06
      5.07
      5.08
       5.1
      5.14
      5.18
      5.24
      5.32
      5.41
      5.53
      5.66
      5.83
      6.02
      6.25
      6.51
       6.8
      7.12
      7.46
      7.81
      8.15
      8.47
      8.75
      8.97
      9.11
      9.19
      9.33
      9.47
      9.59
       9.7
      9.78
      9.83
      9.86
      9.86
      9.73
      9.73
      9.71
      9.66
       9.6
      9.52
      9.42
      9.31
      9.19
      9.13
         9
      8.79
      8.52
      8.21
      7.88
      7.54
      7.21
      6.89
       6.6
      6.35
      6.12
      5.93
      5.76
      5.63
      5.51
      5.42
      5.34
      5.28
      5.24
       5.2
      5.18
      5.17
      5.16
      5.17
      5.18
       5.2
      5.24
      5.28
      5.34
      5.42
      5.51
      5.63
      5.76
      5.93
      6.12
      6.35
       6.6
      6.89
      7.21
      7.54
      7.88
      8.21
      8.52
      8.79
         9
      9.13
      9.19
      9.31
      9.42
      9.52
       9.6
      9.66
      9.71
      9.73
      9.73
      9.64
      9.64
      9.63
      9.59
      9.54
      9.48
       9.4
      9.31
      9.21
      9.17
      9.05
      8.85
      8.58
      8.28
      7.95
      7.62
      7.29
      6.98
       6.7
      6.45
      6.22
      6.03
      5.87
      5.73
      5.61
      5.52
      5.45
      5.39
      5.34
      5.31
      5.28
      5.27
      5.26
      5.27
      5.28
      5.31
      5.34
      5.39
      5.45
      5.52
      5.61
      5.73
      5.87
      6.03
      6.22
      6.45
       6.7
      6.98
      7.29
      7.62
      7.95
      8.28
      8.58
      8.85
      9.05
      9.17
      9.21
      9.31
       9.4
      9.48
      9.54
      9.59
      9.63
      9.64
      9.64
       9.6
       9.6
      9.58
      9.55
      9.51
      9.46
       9.4
      9.33
      9.25
      9.21
       9.1
      8.91
      8.65
      8.35
      8.03
       7.7
      7.38
      7.08
       6.8
      6.54
      6.32
      6.13
      5.97
      5.83
      5.72
      5.62
      5.55
      5.49
      5.44
      5.41
      5.38
      5.37
      5.36
      5.37
      5.38
      5.41
      5.44
      5.49
      5.55
      5.62
      5.72
      5.83
      5.97
      6.13
      6.32
      6.54
       6.8
      7.08
      7.38
       7.7
      8.03
      8.35
      8.65
      8.91
       9.1
      9.21
      9.25
      9.33
       9.4
      9.46
      9.51
      9.55
      9.58
       9.6
       9.6
      9.58
      9.58
      9.57
      9.54
      9.51
      9.47
      9.42
      9.36
       9.3
      9.27
      9.16
      8.97
      8.72
      8.43
      8.12
      7.79
      7.47
      7.17
      6.89
      6.64
      6.42
      6.23
      6.07
      5.93
      5.82
      5.72
      5.65
      5.59
      5.54
      5.51
      5.48
      5.47
      5.46
      5.47
      5.48
      5.51
      5.54
      5.59
      5.65
      5.72
      5.82
      5.93
      6.07
      6.23
      6.42
      6.64
      6.89
      7.17
      7.47
      7.79
      8.12
      8.43
      8.72
      8.97
      9.16
      9.27
       9.3
      9.36
      9.42
      9.47
      9.51
      9.54
      9.57
      9.58
      9.58
      9.58
      9.58
      9.57
      9.56
      9.53
      9.49
      9.45
      9.41
      9.35
      9.33
      9.23
      9.04
       8.8
      8.51
       8.2
      7.88
      7.57
      7.27
      6.99
      6.74
      6.52
      6.33
      6.17
      6.03
      5.92
      5.82
      5.75
      5.69
      5.64
       5.6
      5.58
      5.57
      5.56
      5.57
      5.58
       5.6
      5.64
      5.69
      5.75
      5.82
      5.92
      6.03
      6.17
      6.33
      6.52
      6.74
      6.99
      7.27
      7.57
      7.88
       8.2
      8.51
       8.8
      9.04
      9.23
      9.33
      9.35
      9.41
      9.45
      9.49
      9.53
      9.56
      9.57
      9.58
      9.58
      9.61
      9.61
       9.6
      9.59
      9.56
      9.54
       9.5
      9.46
      9.42
       9.4
       9.3
      9.12
      8.88
       8.6
      8.29
      7.97
      7.66
      7.36
      7.09
      6.84
      6.62
      6.43
      6.27
      6.13
      6.02
      5.92
      5.85
      5.79
      5.74
       5.7
      5.68
      5.66
      5.66
      5.66
      5.68
       5.7
      5.74
      5.79
      5.85
      5.92
      6.02
      6.13
      6.27
      6.43
      6.62
      6.84
      7.09
      7.36
      7.66
      7.97
      8.29
       8.6
      8.88
      9.12
       9.3
       9.4
      9.42
      9.46
       9.5
      9.54
      9.56
      9.59
       9.6
      9.61
      9.61
      9.65
      9.65
      9.64
      9.63
      9.61
      9.59
      9.56
      9.53
      9.49
      9.48
      9.38
      9.21
      8.97
      8.69
      8.38
      8.07
      7.76
      7.46
      7.19
      6.94
      6.72
      6.53
      6.37
      6.23
      6.12
      6.02
      5.95
      5.89
      5.84
       5.8
      5.78
      5.76
      5.76
      5.76
      5.78
       5.8
      5.84
      5.89
      5.95
      6.02
      6.12
      6.23
      6.37
      6.53
      6.72
      6.94
      7.19
      7.46
      7.76
      8.07
      8.38
      8.69
      8.97
      9.21
      9.38
      9.48
      9.49
      9.53
      9.56
      9.59
      9.61
      9.63
      9.64
      9.65
      9.65
       9.7
       9.7
       9.7
      9.69
      9.67
      9.65
      9.63
       9.6
      9.57
      9.56
      9.46
      9.29
      9.06
      8.78
      8.48
      8.17
      7.86
      7.56
      7.29
      7.04
      6.82
      6.63
      6.47
      6.33
      6.22
      6.12
      6.05
      5.98
      5.93
       5.9
      5.87
      5.86
      5.85
      5.86
      5.87
       5.9
      5.93
      5.98
      6.05
      6.12
      6.22
      6.33
      6.47
      6.63
      6.82
      7.04
      7.29
      7.56
      7.86
      8.17
      8.48
      8.78
      9.06
      9.29
      9.46
      9.56
      9.57
       9.6
      9.63
      9.65
      9.67
      9.69
       9.7
       9.7
       9.7
      9.77
      9.77
      9.76
      9.76
      9.74
      9.73
      9.71
      9.68
      9.66
      9.65
      9.55
      9.38
      9.15
      8.88
      8.58
      8.26
      7.96
      7.66
      7.39
      7.15
      6.93
      6.74
      6.57
      6.44
      6.32
      6.22
      6.14
      6.08
      6.03
      5.99
      5.97
      5.95
      5.94
      5.95
      5.97
      5.99
      6.03
      6.08
      6.14
      6.22
      6.32
      6.44
      6.57
      6.74
      6.93
      7.15
      7.39
      7.66
      7.96
      8.26
      8.58
      8.88
      9.15
      9.38
      9.55
      9.65
      9.66
      9.68
      9.71
      9.73
      9.74
      9.76
      9.76
      9.77
      9.77
      9.84
      9.84
      9.84
      9.83
      9.82
      9.81
      9.79
      9.77
      9.75
      9.74
      9.65
      9.48
      9.25
      8.98
      8.68
      8.37
      8.06
      7.77
       7.5
      7.25
      7.03
      6.84
      6.68
      6.54
      6.42
      6.32
      6.24
      6.17
      6.12
      6.08
      6.05
      6.04
      6.03
      6.04
      6.05
      6.08
      6.12
      6.17
      6.24
      6.32
      6.42
      6.54
      6.68
      6.84
      7.03
      7.25
       7.5
      7.77
      8.06
      8.37
      8.68
      8.98
      9.25
      9.48
      9.65
      9.74
      9.75
      9.77
      9.79
      9.81
      9.82
      9.83
      9.84
      9.84
      9.84
      9.93
      9.93
      9.92
      9.92
      9.91
      9.89
      9.88
      9.86
      9.84
      9.84
      9.74
      9.58
      9.35
      9.08
      8.78
      8.47
      8.17
      7.88
       7.6
      7.36
      7.14
      6.95
      6.78
      6.64
      6.52
      6.42
      6.33
      6.26
      6.21
      6.17
      6.14
      6.12
      6.12
      6.12
      6.14
      6.17
      6.21
      6.26
      6.33
      6.42
      6.52
      6.64
      6.78
      6.95
      7.14
      7.36
       7.6
      7.88
      8.17
      8.47
      8.78
      9.08
      9.35
      9.58
      9.74
      9.84
      9.84
      9.86
      9.88
      9.89
      9.91
      9.92
      9.92
      9.93
      9.93
        10
        10
        10
        10
        10
      9.99
      9.97
      9.96
      9.94
      9.94
      9.85
      9.68
      9.45
      9.18
      8.89
      8.58
      8.28
      7.99
      7.72
      7.47
      7.25
      7.06
      6.89
      6.74
      6.62
      6.51
      6.42
      6.35
      6.29
      6.24
      6.21
      6.19
      6.19
      6.19
      6.21
      6.24
      6.29
      6.35
      6.42
      6.51
      6.62
      6.74
      6.89
      7.06
      7.25
      7.47
      7.72
      7.99
      8.28
      8.58
      8.89
      9.18
      9.45
      9.68
      9.85
      9.94
      9.94
      9.96
      9.97
      9.99
        10
        10
        10
        10
        10
      10.1
      10.1
      10.1
      10.1
      10.1
      10.1
      10.1
      10.1
        10
        10
      9.95
      9.78
      9.56
      9.29
         9
       8.7
       8.4
      8.11
      7.84
      7.59
      7.37
      7.17
         7
      6.84
      6.71
       6.6
       6.5
      6.42
      6.36
      6.31
      6.27
      6.25
      6.25
      6.25
      6.27
      6.31
      6.36
      6.42
       6.5
       6.6
      6.71
      6.84
         7
      7.17
      7.37
      7.59
      7.84
      8.11
       8.4
       8.7
         9
      9.29
      9.56
      9.78
      9.95
        10
        10
      10.1
      10.1
      10.1
      10.1
      10.1
      10.1
      10.1
      10.1
      10.2
      10.2
      10.2
      10.2
      10.2
      10.2
      10.2
      10.2
      10.1
      10.1
      10.1
      9.89
      9.67
      9.41
      9.12
      8.82
      8.53
      8.24
      7.97
      7.72
       7.5
      7.29
      7.11
      6.95
      6.81
      6.68
      6.58
      6.49
      6.41
      6.36
      6.32
      6.29
      6.28
      6.29
      6.32
      6.36
      6.41
      6.49
      6.58
      6.68
      6.81
      6.95
      7.11
      7.29
       7.5
      7.72
      7.97
      8.24
      8.53
      8.82
      9.12
      9.41
      9.67
      9.89
      10.1
      10.1
      10.1
      10.2
      10.2
      10.2
      10.2
      10.2
      10.2
      10.2
      10.2
