      6.37
      6.37
      6.36
      6.36
      6.35
      6.34
      6.32
       6.3
      6.29
      6.28
       6.2
      6.03
      5.81
      5.55
      5.26
      4.96
      4.66
      4.37
      4.11
      3.86
      3.63
      3.43
      3.25
      3.08
      2.94
      2.82
      2.71
      2.62
      2.55
      2.49
      2.45
      2.42
      2.42
      2.42
      2.45
      2.49
      2.55
      2.62
      2.71
      2.82
      2.94
      3.08
      3.25
      3.43
      3.63
      3.86
      4.11
      4.37
      4.66
      4.96
      5.26
      5.55
      5.81
      6.03
       6.2
      6.28
      6.29
       6.3
      6.32
      6.34
      6.35
      6.36
      6.36
      6.37
      6.37
      6.36
      6.36
      6.36
      6.35
      6.35
      6.33
      6.32
       6.3
      6.29
      6.28
      6.19
      6.03
       5.8
      5.54
      5.24
      4.94
      4.64
      4.35
      4.08
      3.83
      3.61
      3.41
      3.23
      3.08
      2.95
      2.83
      2.73
      2.65
      2.59
      2.54
       2.5
      2.48
      2.47
      2.48
       2.5
      2.54
      2.59
      2.65
      2.73
      2.83
      2.95
      3.08
      3.23
      3.41
      3.61
      3.83
      4.08
      4.35
      4.64
      4.94
      5.24
      5.54
       5.8
      6.03
      6.19
      6.28
      6.29
       6.3
      6.32
      6.33
      6.35
      6.35
      6.36
      6.36
      6.36
      6.37
      6.37
      6.36
      6.36
      6.35
      6.34
      6.32
       6.3
      6.29
      6.28
      6.19
      6.02
       5.8
      5.53
      5.23
      4.93
      4.62
      4.33
      4.06
      3.81
      3.59
       3.4
      3.23
      3.08
      2.95
      2.84
      2.75
      2.68
      2.62
      2.57
      2.54
      2.52
      2.51
      2.52
      2.54
      2.57
      2.62
      2.68
      2.75
      2.84
      2.95
      3.08
      3.23
       3.4
      3.59
      3.81
      4.06
      4.33
      4.62
      4.93
      5.23
      5.53
       5.8
      6.02
      6.19
      6.28
      6.29
       6.3
      6.32
      6.34
      6.35
      6.36
      6.36
      6.37
      6.37
      6.37
      6.37
      6.37
      6.36
      6.35
      6.34
      6.32
      6.31
      6.29
      6.28
      6.19
      6.02
       5.8
      5.52
      5.23
      4.92
      4.61
      4.32
      4.05
       3.8
      3.58
      3.39
      3.22
      3.08
      2.96
      2.85
      2.77
       2.7
      2.64
       2.6
      2.57
      2.55
      2.54
      2.55
      2.57
       2.6
      2.64
       2.7
      2.77
      2.85
      2.96
      3.08
      3.22
      3.39
      3.58
       3.8
      4.05
      4.32
      4.61
      4.92
      5.23
      5.52
       5.8
      6.02
      6.19
      6.28
      6.29
      6.31
      6.32
      6.34
      6.35
      6.36
      6.37
      6.37
      6.37
      6.39
      6.39
      6.38
      6.38
      6.36
      6.35
      6.33
      6.31
      6.29
      6.29
      6.19
      6.03
       5.8
      5.52
      5.22
      4.91
      4.61
      4.32
      4.04
       3.8
      3.58
      3.39
      3.22
      3.08
      2.96
      2.86
      2.78
      2.71
      2.66
      2.62
      2.59
      2.57
      2.57
      2.57
      2.59
      2.62
      2.66
      2.71
      2.78
      2.86
      2.96
      3.08
      3.22
      3.39
      3.58
       3.8
      4.04
      4.32
      4.61
      4.91
      5.22
      5.52
       5.8
      6.03
      6.19
      6.29
      6.29
      6.31
      6.33
      6.35
      6.36
      6.38
      6.38
      6.39
      6.39
      6.41
      6.41
       6.4
      6.39
      6.38
      6.36
      6.35
      6.32
       6.3
      6.29
       6.2
      6.03
       5.8
      5.52
      5.22
      4.91
       4.6
      4.31
      4.04
      3.79
      3.58
      3.38
      3.22
      3.08
      2.96
      2.86
      2.78
      2.72
      2.67
      2.63
       2.6
      2.59
      2.58
      2.59
       2.6
      2.63
      2.67
      2.72
      2.78
      2.86
      2.96
      3.08
      3.22
      3.38
      3.58
      3.79
      4.04
      4.31
       4.6
      4.91
      5.22
      5.52
       5.8
      6.03
       6.2
      6.29
       6.3
      6.32
      6.35
      6.36
      6.38
      6.39
       6.4
      6.41
      6.41
      6.43
      6.43
      6.43
      6.42
       6.4
      6.38
      6.36
      6.34
      6.31
       6.3
      6.21
      6.04
       5.8
      5.53
      5.23
      4.91
       4.6
      4.31
      4.04
      3.79
      3.57
      3.38
      3.22
      3.08
      2.96
      2.87
      2.79
      2.73
      2.68
      2.64
      2.61
       2.6
      2.59
       2.6
      2.61
      2.64
      2.68
      2.73
      2.79
      2.87
      2.96
      3.08
      3.22
      3.38
      3.57
      3.79
      4.04
      4.31
       4.6
      4.91
      5.23
      5.53
       5.8
      6.04
      6.21
       6.3
      6.31
      6.34
      6.36
      6.38
       6.4
      6.42
      6.43
      6.43
      6.43
      6.46
      6.46
      6.46
      6.45
      6.43
      6.41
      6.39
      6.36
      6.33
      6.31
      6.22
      6.05
      5.81
      5.53
      5.23
      4.92
      4.61
      4.31
      4.04
      3.79
      3.57
      3.38
      3.22
      3.08
      2.97
      2.87
      2.79
      2.73
      2.68
      2.65
      2.62
      2.61
       2.6
      2.61
      2.62
      2.65
      2.68
      2.73
      2.79
      2.87
      2.97
      3.08
      3.22
      3.38
      3.57
      3.79
      4.04
      4.31
      4.61
      4.92
      5.23
      5.53
      5.81
      6.05
      6.22
      6.31
      6.33
      6.36
      6.39
      6.41
      6.43
      6.45
      6.46
      6.46
      6.46
       6.5
       6.5
       6.5
      6.48
      6.47
      6.44
      6.41
      6.38
      6.35
      6.33
      6.23
      6.06
      5.82
      5.54
      5.24
      4.92
      4.61
      4.31
      4.04
      3.79
      3.57
      3.38
      3.22
      3.08
      2.97
      2.87
       2.8
      2.73
      2.69
      2.65
      2.63
      2.61
      2.61
      2.61
      2.63
      2.65
      2.69
      2.73
       2.8
      2.87
      2.97
      3.08
      3.22
      3.38
      3.57
      3.79
      4.04
      4.31
      4.61
      4.92
      5.24
      5.54
      5.82
      6.06
      6.23
      6.33
      6.35
      6.38
      6.41
      6.44
      6.47
      6.48
       6.5
       6.5
       6.5
      6.55
      6.55
      6.55
      6.53
      6.51
      6.48
      6.45
      6.41
      6.37
      6.35
      6.25
      6.07
      5.83
      5.55
      5.24
      4.93
      4.61
      4.32
      4.04
      3.79
      3.57
      3.38
      3.22
      3.08
      2.97
      2.88
       2.8
      2.74
      2.69
      2.65
      2.63
      2.62
      2.61
      2.62
      2.63
      2.65
      2.69
      2.74
       2.8
      2.88
      2.97
      3.08
      3.22
      3.38
      3.57
      3.79
      4.04
      4.32
      4.61
      4.93
      5.24
      5.55
      5.83
      6.07
      6.25
      6.35
      6.37
      6.41
      6.45
      6.48
      6.51
      6.53
      6.55
      6.55
      6.55
      6.62
      6.62
      6.61
      6.59
      6.57
      6.53
      6.49
      6.45
       6.4
      6.38
      6.27
      6.09
      5.85
      5.57
      5.25
      4.93
      4.62
      4.32
      4.04
       3.8
      3.58
      3.39
      3.22
      3.09
      2.97
      2.88
       2.8
      2.74
      2.69
      2.66
      2.63
      2.62
      2.61
      2.62
      2.63
      2.66
      2.69
      2.74
       2.8
      2.88
      2.97
      3.09
      3.22
      3.39
      3.58
       3.8
      4.04
      4.32
      4.62
      4.93
      5.25
      5.57
      5.85
      6.09
      6.27
      6.38
       6.4
      6.45
      6.49
      6.53
      6.57
      6.59
      6.61
      6.62
      6.62
      6.69
      6.69
      6.68
      6.66
      6.63
      6.59
      6.55
      6.49
      6.44
      6.41
       6.3
      6.12
      5.87
      5.58
      5.27
      4.94
      4.63
      4.33
      4.05
       3.8
      3.58
      3.39
      3.22
      3.09
      2.97
      2.88
       2.8
      2.74
      2.69
      2.66
      2.63
      2.62
      2.62
      2.62
      2.63
      2.66
      2.69
      2.74
       2.8
      2.88
      2.97
      3.09
      3.22
      3.39
      3.58
       3.8
      4.05
      4.33
      4.63
      4.94
      5.27
      5.58
      5.87
      6.12
       6.3
      6.41
      6.44
      6.49
      6.55
      6.59
      6.63
      6.66
      6.68
      6.69
      6.69
      6.78
      6.78
      6.77
      6.75
      6.71
      6.66
      6.61
      6.55
      6.48
      6.44
      6.33
      6.14
      5.89
       5.6
      5.28
      4.96
      4.63
      4.33
      4.05
       3.8
      3.58
      3.39
      3.22
      3.09
      2.97
      2.88
       2.8
      2.74
      2.69
      2.66
      2.64
      2.62
      2.62
      2.62
      2.64
      2.66
      2.69
      2.74
       2.8
      2.88
      2.97
      3.09
      3.22
      3.39
      3.58
       3.8
      4.05
      4.33
      4.63
      4.96
      5.28
       5.6
      5.89
      6.14
      6.33
      6.44
      6.48
      6.55
      6.61
      6.66
      6.71
      6.75
      6.77
      6.78
      6.78
      6.89
      6.89
      6.88
      6.85
      6.81
      6.75
      6.68
      6.61
      6.53
      6.49
      6.37
      6.18
      5.92
      5.62
       5.3
      4.97
      4.64
      4.34
      4.06
       3.8
      3.58
      3.39
      3.22
      3.09
      2.97
      2.88
       2.8
      2.74
       2.7
      2.66
      2.64
      2.62
      2.62
      2.62
      2.64
      2.66
       2.7
      2.74
       2.8
      2.88
      2.97
      3.09
      3.22
      3.39
      3.58
       3.8
      4.06
      4.34
      4.64
      4.97
       5.3
      5.62
      5.92
      6.18
      6.37
      6.49
      6.53
      6.61
      6.68
      6.75
      6.81
      6.85
      6.88
      6.89
      6.89
      7.03
      7.03
      7.01
      6.97
      6.92
      6.86
      6.78
      6.68
      6.59
      6.54
      6.41
      6.21
      5.95
      5.65
      5.32
      4.98
      4.65
      4.34
      4.06
       3.8
      3.58
      3.39
      3.22
      3.09
      2.97
      2.88
       2.8
      2.74
      2.69
      2.66
      2.64
      2.62
      2.62
      2.62
      2.64
      2.66
      2.69
      2.74
       2.8
      2.88
      2.97
      3.09
      3.22
      3.39
      3.58
       3.8
      4.06
      4.34
      4.65
      4.98
      5.32
      5.65
      5.95
      6.21
      6.41
      6.54
      6.59
      6.68
      6.78
      6.86
      6.92
      6.97
      7.01
      7.03
      7.03
      7.19
      7.19
      7.17
      7.13
      7.06
      6.98
      6.88
      6.77
      6.66
       6.6
      6.47
      6.26
      5.99
      5.67
      5.34
         5
      4.67
      4.35
      4.06
      3.81
      3.58
      3.39
      3.22
      3.08
      2.97
      2.88
       2.8
      2.74
      2.69
      2.66
      2.64
      2.62
      2.62
      2.62
      2.64
      2.66
      2.69
      2.74
       2.8
      2.88
      2.97
      3.08
      3.22
      3.39
      3.58
      3.81
      4.06
      4.35
      4.67
         5
      5.34
      5.67
      5.99
      6.26
      6.47
       6.6
      6.66
      6.77
      6.88
      6.98
      7.06
      7.13
      7.17
      7.19
      7.19
      7.39
      7.39
      7.36
      7.31
      7.23
      7.13
      7.01
      6.88
      6.74
      6.66
      6.52
      6.31
      6.03
      5.71
      5.36
      5.02
      4.68
      4.36
      4.07
      3.81
      3.58
      3.39
      3.22
      3.08
      2.97
      2.87
       2.8
      2.74
      2.69
      2.66
      2.64
      2.62
      2.62
      2.62
      2.64
      2.66
      2.69
      2.74
       2.8
      2.87
      2.97
      3.08
      3.22
      3.39
      3.58
      3.81
      4.07
      4.36
      4.68
      5.02
      5.36
      5.71
      6.03
      6.31
      6.52
      6.66
      6.74
      6.88
      7.01
      7.13
      7.23
      7.31
      7.36
      7.39
      7.39
      7.63
      7.63
      7.59
      7.53
      7.43
      7.31
      7.17
         7
      6.83
      6.74
      6.59
      6.36
      6.07
      5.74
      5.39
      5.04
      4.69
      4.37
      4.08
      3.81
      3.58
      3.39
      3.22
      3.08
      2.97
      2.87
       2.8
      2.74
      2.69
      2.66
      2.63
      2.62
      2.62
      2.62
      2.63
      2.66
      2.69
      2.74
       2.8
      2.87
      2.97
      3.08
      3.22
      3.39
      3.58
      3.81
      4.08
      4.37
      4.69
      5.04
      5.39
      5.74
      6.07
      6.36
      6.59
      6.74
      6.83
         7
      7.17
      7.31
      7.43
      7.53
      7.59
      7.63
      7.63
      7.92
      7.92
      7.88
      7.79
      7.68
      7.53
      7.35
      7.15
      6.94
      6.83
      6.67
      6.42
      6.12
      5.78
      5.42
      5.06
      4.71
      4.38
      4.08
      3.81
      3.58
      3.39
      3.22
      3.08
      2.96
      2.87
      2.79
      2.73
      2.69
      2.65
      2.63
      2.62
      2.61
      2.62
      2.63
      2.65
      2.69
      2.73
      2.79
      2.87
      2.96
      3.08
      3.22
      3.39
      3.58
      3.81
      4.08
      4.38
      4.71
      5.06
      5.42
      5.78
      6.12
      6.42
      6.67
      6.83
      6.94
      7.15
      7.35
      7.53
      7.68
      7.79
      7.88
      7.92
      7.92
      8.27
      8.27
      8.22
      8.12
      7.97
      7.78
      7.56
      7.32
      7.06
      6.93
      6.75
       6.5
      6.18
      5.83
      5.45
      5.08
      4.72
      4.39
      4.09
      3.82
      3.58
      3.38
      3.22
      3.08
      2.96
      2.87
      2.79
      2.73
      2.69
      2.65
      2.63
      2.62
      2.61
      2.62
      2.63
      2.65
      2.69
      2.73
      2.79
      2.87
      2.96
      3.08
      3.22
      3.38
      3.58
      3.82
      4.09
      4.39
      4.72
      5.08
      5.45
      5.83
      6.18
       6.5
      6.75
      6.93
      7.06
      7.32
      7.56
      7.78
      7.97
      8.12
      8.22
      8.27
      8.27
      8.71
      8.71
      8.64
      8.51
      8.32
      8.09
      7.82
      7.52
       7.2
      7.04
      6.85
      6.57
      6.24
      5.87
      5.49
      5.11
      4.74
       4.4
      4.09
      3.82
      3.58
      3.38
      3.21
      3.07
      2.96
      2.86
      2.79
      2.73
      2.68
      2.65
      2.63
      2.61
      2.61
      2.61
      2.63
      2.65
      2.68
      2.73
      2.79
      2.86
      2.96
      3.07
      3.21
      3.38
      3.58
      3.82
      4.09
       4.4
      4.74
      5.11
      5.49
      5.87
      6.24
      6.57
      6.85
      7.04
       7.2
      7.52
      7.82
      8.09
      8.32
      8.51
      8.64
      8.71
      8.71
      9.26
      9.26
      9.17
      8.99
      8.75
      8.45
      8.11
      7.75
      7.36
      7.17
      6.95
      6.65
       6.3
      5.92
      5.52
      5.13
      4.75
      4.41
      4.09
      3.82
      3.58
      3.38
      3.21
      3.07
      2.95
      2.86
      2.78
      2.72
      2.68
      2.64
      2.62
      2.61
       2.6
      2.61
      2.62
      2.64
      2.68
      2.72
      2.78
      2.86
      2.95
      3.07
      3.21
      3.38
      3.58
      3.82
      4.09
      4.41
      4.75
      5.13
      5.52
      5.92
       6.3
      6.65
      6.95
      7.17
      7.36
      7.75
      8.11
      8.45
      8.75
      8.99
      9.17
      9.26
      9.26
      9.94
      9.94
      9.82
      9.58
      9.26
      8.88
      8.46
         8
      7.54
       7.3
      7.06
      6.74
      6.37
      5.97
      5.56
      5.15
      4.77
      4.42
       4.1
      3.82
      3.58
      3.37
       3.2
      3.06
      2.94
      2.85
      2.78
      2.72
      2.67
      2.64
      2.61
       2.6
       2.6
       2.6
      2.61
      2.64
      2.67
      2.72
      2.78
      2.85
      2.94
      3.06
       3.2
      3.37
      3.58
      3.82
       4.1
      4.42
      4.77
      5.15
      5.56
      5.97
      6.37
      6.74
      7.06
       7.3
      7.54
         8
      8.46
      8.88
      9.26
      9.58
      9.82
      9.94
      9.94
      10.8
      10.8
      10.6
      10.3
      9.87
      9.38
      8.84
      8.29
      7.72
      7.44
      7.17
      6.83
      6.44
      6.02
      5.59
      5.18
      4.78
      4.42
       4.1
      3.82
      3.58
      3.37
       3.2
      3.05
      2.94
      2.84
      2.77
      2.71
      2.66
      2.63
      2.61
      2.59
      2.59
      2.59
      2.61
      2.63
      2.66
      2.71
      2.77
      2.84
      2.94
      3.05
       3.2
      3.37
      3.58
      3.82
       4.1
      4.42
      4.78
      5.18
      5.59
      6.02
      6.44
      6.83
      7.17
      7.44
      7.72
      8.29
      8.84
      9.38
      9.87
      10.3
      10.6
      10.8
      10.8
        12
        12
      11.7
      11.2
      10.6
      9.93
      9.27
      8.59
      7.91
      7.58
      7.28
      6.92
       6.5
      6.07
      5.63
       5.2
       4.8
      4.43
       4.1
      3.82
      3.57
      3.36
      3.19
      3.05
      2.93
      2.83
      2.76
       2.7
      2.65
      2.62
      2.59
      2.58
      2.58
      2.58
      2.59
      2.62
      2.65
       2.7
      2.76
      2.83
      2.93
      3.05
      3.19
      3.36
      3.57
      3.82
       4.1
      4.43
       4.8
       5.2
      5.63
      6.07
       6.5
      6.92
      7.28
      7.58
      7.91
      8.59
      9.27
      9.93
      10.6
      11.2
      11.7
        12
        12
      13.7
      13.7
        13
      12.2
      11.4
      10.5
       9.7
      8.89
       8.1
      7.72
      7.39
      6.99
      6.56
      6.11
      5.65
      5.22
      4.81
      4.43
       4.1
      3.81
      3.56
      3.35
      3.18
      3.03
      2.92
      2.82
      2.74
      2.68
      2.64
       2.6
      2.58
      2.57
      2.56
      2.57
      2.58
       2.6
      2.64
      2.68
      2.74
      2.82
      2.92
      3.03
      3.18
      3.35
      3.56
      3.81
       4.1
      4.43
      4.81
      5.22
      5.65
      6.11
      6.56
      6.99
      7.39
      7.72
       8.1
      8.89
       9.7
      10.5
      11.4
      12.2
        13
      13.7
      13.7
      19.3
      16.4
      14.6
      13.3
      12.1
      11.1
      10.1
      9.18
      8.27
      7.84
      7.48
      7.06
      6.61
      6.14
      5.68
      5.23
      4.81
      4.43
       4.1
       3.8
      3.55
      3.34
      3.16
      3.02
       2.9
       2.8
      2.73
      2.66
      2.62
      2.58
      2.56
      2.54
      2.54
      2.54
      2.56
      2.58
      2.62
      2.66
      2.73
       2.8
       2.9
      3.02
      3.16
      3.34
      3.55
       3.8
       4.1
      4.43
      4.81
      5.23
      5.68
      6.14
      6.61
      7.06
      7.48
      7.84
      8.27
      9.18
      10.1
      11.1
      12.1
      13.3
      14.6
      16.4
      19.3
      19.3
      17.3
      15.5
        14
      12.7
      11.6
      10.5
      9.42
      8.42
      7.93
      7.55
      7.11
      6.64
      6.16
      5.68
      5.23
      4.81
      4.42
      4.08
      3.79
      3.54
      3.32
      3.14
         3
      2.88
      2.78
       2.7
      2.64
      2.59
      2.55
      2.53
      2.51
      2.51
      2.51
      2.53
      2.55
      2.59
      2.64
       2.7
      2.78
      2.88
         3
      3.14
      3.32
      3.54
      3.79
      4.08
      4.42
      4.81
      5.23
      5.68
      6.16
      6.64
      7.11
      7.55
      7.93
      8.42
      9.42
      10.5
      11.6
      12.7
        14
      15.5
      17.3
      19.3
      19.3
      17.6
        16
      14.5
      13.2
      11.9
      10.7
       9.6
      8.52
      7.99
      7.59
      7.14
      6.65
      6.16
      5.68
      5.22
      4.79
       4.4
      4.06
      3.77
      3.51
       3.3
      3.12
      2.97
      2.84
      2.74
      2.66
       2.6
      2.55
      2.51
      2.49
      2.47
      2.47
      2.47
      2.49
      2.51
      2.55
       2.6
      2.66
      2.74
      2.84
      2.97
      3.12
       3.3
      3.51
      3.77
      4.06
       4.4
      4.79
      5.22
      5.68
      6.16
      6.65
      7.14
      7.59
      7.99
      8.52
       9.6
      10.7
      11.9
      13.2
      14.5
        16
      17.6
      19.3
      19.3
      17.8
      16.2
      14.8
      13.4
      12.1
      10.9
      9.71
      8.57
      8.02
      7.59
      7.13
      6.64
      6.14
      5.65
      5.19
      4.76
      4.37
      4.03
      3.73
      3.47
      3.25
      3.07
      2.92
      2.79
      2.69
      2.61
      2.54
      2.49
      2.45
      2.43
      2.41
      2.41
      2.41
      2.43
      2.45
      2.49
      2.54
      2.61
      2.69
      2.79
      2.92
      3.07
      3.25
      3.47
      3.73
      4.03
      4.37
      4.76
      5.19
      5.65
      6.14
      6.64
      7.13
      7.59
      8.02
      8.57
      9.71
      10.9
      12.1
      13.4
      14.8
      16.2
      17.8
      19.3
      19.3
      17.9
      16.4
        15
      13.6
      12.3
        11
      9.76
      8.57
      7.99
      7.56
      7.08
      6.59
      6.09
       5.6
      5.13
       4.7
      4.32
      3.97
      3.67
      3.41
      3.19
      3.01
      2.85
      2.72
      2.62
      2.53
      2.46
      2.41
      2.37
      2.34
      2.32
      2.32
      2.32
      2.34
      2.37
      2.41
      2.46
      2.53
      2.62
      2.72
      2.85
      3.01
      3.19
      3.41
      3.67
      3.97
      4.32
       4.7
      5.13
       5.6
      6.09
      6.59
      7.08
      7.56
      7.99
      8.57
      9.76
        11
      12.3
      13.6
        15
      16.4
      17.9
      19.3
      19.3
      17.9
      16.5
      15.1
      13.7
      12.3
        11
      9.76
      8.52
      7.92
      7.47
      6.99
      6.49
      5.99
       5.5
      5.04
      4.62
      4.23
      3.88
      3.58
      3.32
       3.1
      2.91
      2.75
      2.61
      2.51
      2.42
      2.34
      2.29
      2.24
      2.22
       2.2
      2.19
       2.2
      2.22
      2.24
      2.29
      2.34
      2.42
      2.51
      2.61
      2.75
      2.91
       3.1
      3.32
      3.58
      3.88
      4.23
      4.62
      5.04
       5.5
      5.99
      6.49
      6.99
      7.47
      7.92
      8.52
      9.76
        11
      12.3
      13.7
      15.1
      16.5
      17.9
      19.3
      19.3
      17.9
      16.5
      15.1
      13.7
      12.4
        11
       9.7
      8.41
      7.78
      7.32
      6.84
      6.34
      5.84
      5.36
       4.9
      4.48
      4.09
      3.75
      3.44
      3.18
      2.95
      2.76
       2.6
      2.46
      2.34
      2.25
      2.17
      2.11
      2.07
      2.04
      2.02
      2.01
      2.02
      2.04
      2.07
      2.11
      2.17
      2.25
      2.34
      2.46
       2.6
      2.76
      2.95
      3.18
      3.44
      3.75
      4.09
      4.48
       4.9
      5.36
      5.84
      6.34
      6.84
      7.32
      7.78
      8.41
       9.7
        11
      12.4
      13.7
      15.1
      16.5
      17.9
      19.3
      19.3
      17.9
      16.5
      15.1
      13.7
      12.3
        11
      9.61
      8.25
      7.57
       7.1
      6.61
      6.11
      5.62
      5.14
      4.68
      4.26
      3.88
      3.54
      3.24
      2.97
      2.74
      2.54
      2.37
      2.23
      2.11
      2.01
      1.93
      1.87
      1.82
      1.79
      1.77
      1.77
      1.77
      1.79
      1.82
      1.87
      1.93
      2.01
      2.11
      2.23
      2.37
      2.54
      2.74
      2.97
      3.24
      3.54
      3.88
      4.26
      4.68
      5.14
      5.62
      6.11
      6.61
       7.1
      7.57
      8.25
      9.61
        11
      12.3
      13.7
      15.1
      16.5
      17.9
      19.3
      19.3
      17.9
      16.5
      15.1
      13.7
      12.3
      10.9
      9.51
      8.11
      7.41
      6.93
      6.43
      5.93
      5.44
      4.97
      4.52
      4.11
      3.73
      3.38
      3.08
      2.81
      2.58
      2.38
       2.2
      2.06
      1.93
      1.83
      1.75
      1.68
      1.63
       1.6
      1.58
      1.57
      1.58
       1.6
      1.63
      1.68
      1.75
      1.83
      1.93
      2.06
       2.2
      2.38
      2.58
      2.81
      3.08
      3.38
      3.73
      4.11
      4.52
      4.97
      5.44
      5.93
      6.43
      6.93
      7.41
      8.11
      9.51
      10.9
      12.3
      13.7
      15.1
      16.5
      17.9
      19.3
      19.3
      17.9
      16.5
      15.1
      13.7
      12.2
      10.8
      9.41
      7.99
      7.28
      6.79
      6.29
      5.79
      5.31
      4.84
       4.4
      3.98
      3.61
      3.26
      2.96
      2.69
      2.45
      2.25
      2.07
      1.92
       1.8
      1.69
       1.6
      1.54
      1.48
      1.45
      1.42
      1.42
      1.42
      1.45
      1.48
      1.54
       1.6
      1.69
       1.8
      1.92
      2.07
      2.25
      2.45
      2.69
      2.96
      3.26
      3.61
      3.98
       4.4
      4.84
      5.31
      5.79
      6.29
      6.79
      7.28
      7.99
      9.41
      10.8
      12.2
      13.7
      15.1
      16.5
      17.9
      19.3
      19.3
      17.9
      16.5
      15.1
      13.6
      12.2
      10.8
      9.33
      7.89
      7.17
      6.67
      6.18
      5.68
       5.2
      4.74
       4.3
      3.89
      3.51
      3.17
      2.87
       2.6
      2.36
      2.15
      1.97
      1.82
      1.69
      1.58
      1.49
      1.42
      1.36
      1.33
       1.3
       1.3
       1.3
      1.33
      1.36
      1.42
      1.49
      1.58
      1.69
      1.82
      1.97
      2.15
      2.36
       2.6
      2.87
      3.17
      3.51
      3.89
       4.3
      4.74
       5.2
      5.68
      6.18
      6.67
      7.17
      7.89
      9.33
      10.8
      12.2
      13.6
      15.1
      16.5
      17.9
      19.3
      19.3
      17.9
      16.5
        15
      13.6
      12.2
      10.7
      9.26
      7.81
      7.08
      6.58
      6.09
       5.6
      5.12
      4.65
      4.22
      3.81
      3.44
       3.1
      2.79
      2.52
      2.28
      2.07
      1.89
      1.73
       1.6
      1.49
       1.4
      1.32
      1.27
      1.23
      1.21
       1.2
      1.21
      1.23
      1.27
      1.32
       1.4
      1.49
       1.6
      1.73
      1.89
      2.07
      2.28
      2.52
      2.79
       3.1
      3.44
      3.81
      4.22
      4.65
      5.12
       5.6
      6.09
      6.58
      7.08
      7.81
      9.26
      10.7
      12.2
      13.6
        15
      16.5
      17.9
      19.3
      19.3
      17.9
      16.5
        15
      13.6
      12.1
      10.7
       9.2
      7.74
         7
      6.51
      6.01
      5.52
      5.05
      4.59
      4.16
      3.75
      3.38
      3.04
      2.74
      2.46
      2.22
      2.01
      1.83
      1.67
      1.53
      1.42
      1.32
      1.25
      1.19
      1.15
      1.13
      1.12
      1.13
      1.15
      1.19
      1.25
      1.32
      1.42
      1.53
      1.67
      1.83
      2.01
      2.22
      2.46
      2.74
      3.04
      3.38
      3.75
      4.16
      4.59
      5.05
      5.52
      6.01
      6.51
         7
      7.74
       9.2
      10.7
      12.1
      13.6
        15
      16.5
      17.9
      19.3
      19.3
      17.9
      16.4
        15
      13.5
      12.1
      10.6
      9.15
      7.68
      6.95
      6.45
      5.96
      5.47
      4.99
      4.54
      4.11
       3.7
      3.33
      2.99
      2.69
      2.42
      2.17
      1.96
      1.78
      1.62
      1.48
      1.36
      1.27
      1.19
      1.13
      1.09
      1.06
      1.06
      1.06
      1.09
      1.13
      1.19
      1.27
      1.36
      1.48
      1.62
      1.78
      1.96
      2.17
      2.42
      2.69
      2.99
      3.33
       3.7
      4.11
      4.54
      4.99
      5.47
      5.96
      6.45
      6.95
      7.68
      9.15
      10.6
      12.1
      13.5
        15
      16.4
      17.9
      19.3
      19.3
      17.9
      16.4
        15
      13.5
        12
      10.6
      9.11
      7.64
       6.9
       6.4
      5.91
      5.42
      4.95
      4.49
      4.07
      3.66
      3.29
      2.96
      2.65
      2.38
      2.14
      1.92
      1.74
      1.57
      1.43
      1.32
      1.22
      1.14
      1.08
      1.04
      1.01
      1.01
      1.01
      1.04
      1.08
      1.14
      1.22
      1.32
      1.43
      1.57
      1.74
      1.92
      2.14
      2.38
      2.65
      2.96
      3.29
      3.66
      4.07
      4.49
      4.95
      5.42
      5.91
       6.4
       6.9
      7.64
      9.11
      10.6
        12
      13.5
        15
      16.4
      17.9
      19.3
      19.3
      17.9
      16.4
        15
      13.5
        12
      10.5
      9.08
       7.6
      6.86
      6.36
      5.87
      5.38
      4.91
      4.46
      4.03
      3.63
      3.27
      2.93
      2.62
      2.35
      2.11
      1.89
       1.7
      1.54
       1.4
      1.28
      1.18
       1.1
      1.04
         1
     0.974
     0.966
     0.974
         1
      1.04
       1.1
      1.18
      1.28
       1.4
      1.54
       1.7
      1.89
      2.11
      2.35
      2.62
      2.93
      3.27
      3.63
      4.03
      4.46
      4.91
      5.38
      5.87
      6.36
      6.86
       7.6
      9.08
      10.5
        12
      13.5
        15
      16.4
      17.9
      19.3
      19.3
      17.9
      16.4
      14.9
      13.5
        12
      10.5
      9.05
      7.57
      6.83
      6.33
      5.84
      5.36
      4.89
      4.43
      4.01
      3.61
      3.24
      2.91
       2.6
      2.33
      2.08
      1.87
      1.68
      1.51
      1.37
      1.25
      1.15
      1.07
      1.01
     0.969
     0.943
     0.934
     0.943
     0.969
      1.01
      1.07
      1.15
      1.25
      1.37
      1.51
      1.68
      1.87
      2.08
      2.33
       2.6
      2.91
      3.24
      3.61
      4.01
      4.43
      4.89
      5.36
      5.84
      6.33
      6.83
      7.57
      9.05
      10.5
        12
      13.5
      14.9
      16.4
      17.9
      19.3
      19.3
      17.9
      16.4
      14.9
      13.5
        12
      10.5
      9.02
      7.54
       6.8
      6.31
      5.82
      5.33
      4.86
      4.41
      3.99
      3.59
      3.22
      2.89
      2.58
      2.31
      2.07
      1.85
      1.66
      1.49
      1.35
      1.23
      1.13
      1.05
     0.988
     0.944
     0.918
     0.909
     0.918
     0.944
     0.988
      1.05
      1.13
      1.23
      1.35
      1.49
      1.66
      1.85
      2.07
      2.31
      2.58
      2.89
      3.22
      3.59
      3.99
      4.41
      4.86
      5.33
      5.82
      6.31
       6.8
      7.54
      9.02
      10.5
        12
      13.5
      14.9
      16.4
      17.9
      19.3
      19.3
      17.9
      16.4
      14.9
      13.4
        12
      10.5
      9.01
      7.52
      6.78
      6.29
       5.8
      5.31
      4.85
       4.4
      3.97
      3.58
      3.21
      2.88
      2.57
       2.3
      2.05
      1.84
      1.64
      1.48
      1.34
      1.21
      1.11
      1.03
     0.969
     0.925
     0.899
      0.89
     0.899
     0.925
     0.969
      1.03
      1.11
      1.21
      1.34
      1.48
      1.64
      1.84
      2.05
       2.3
      2.57
      2.88
      3.21
      3.58
      3.97
       4.4
      4.85
      5.31
       5.8
      6.29
      6.78
      7.52
      9.01
      10.5
        12
      13.4
      14.9
      16.4
      17.9
      19.3
      19.3
      17.9
      16.4
      14.9
      13.4
        12
      10.5
      8.99
      7.51
      6.77
      6.27
      5.78
       5.3
      4.83
      4.38
      3.96
      3.57
       3.2
      2.87
      2.56
      2.29
      2.04
      1.83
      1.63
      1.47
      1.32
       1.2
       1.1
      1.02
     0.956
     0.911
     0.885
     0.876
     0.885
     0.911
     0.956
      1.02
       1.1
       1.2
      1.32
      1.47
      1.63
      1.83
      2.04
      2.29
      2.56
      2.87
       3.2
      3.57
      3.96
      4.38
      4.83
       5.3
      5.78
      6.27
      6.77
      7.51
      8.99
      10.5
        12
      13.4
      14.9
      16.4
      17.9
      19.3
      19.3
      17.9
      16.4
      14.9
      13.4
      11.9
      10.5
      8.98
       7.5
      6.75
      6.26
      5.77
      5.29
      4.82
      4.38
      3.95
      3.56
      3.19
      2.86
      2.55
      2.28
      2.04
      1.82
      1.63
      1.46
      1.31
      1.19
      1.09
      1.01
     0.945
     0.901
     0.874
     0.865
     0.874
     0.901
     0.945
      1.01
      1.09
      1.19
      1.31
      1.46
      1.63
      1.82
      2.04
      2.28
      2.55
      2.86
      3.19
      3.56
      3.95
      4.38
      4.82
      5.29
      5.77
      6.26
      6.75
       7.5
      8.98
      10.5
      11.9
      13.4
      14.9
      16.4
      17.9
      19.3
      19.3
      17.9
      16.4
      14.9
      13.4
      11.9
      10.5
      8.97
      7.49
      6.74
      6.25
      5.76
      5.28
      4.82
      4.37
      3.95
      3.55
      3.19
      2.85
      2.55
      2.28
      2.03
      1.81
      1.62
      1.45
      1.31
      1.19
      1.08
         1
     0.939
     0.894
     0.867
     0.858
     0.867
     0.894
     0.939
         1
      1.08
      1.19
      1.31
      1.45
      1.62
      1.81
      2.03
      2.28
      2.55
      2.85
      3.19
      3.55
      3.95
      4.37
      4.82
      5.28
      5.76
      6.25
      6.74
      7.49
      8.97
      10.5
      11.9
      13.4
      14.9
      16.4
      17.9
      19.3
      19.3
      17.9
      16.4
      14.9
      13.4
      11.9
      10.5
      8.97
      7.48
      6.74
      6.24
      5.76
      5.28
      4.81
      4.37
      3.94
      3.55
      3.19
      2.85
      2.55
      2.27
      2.03
      1.81
      1.62
      1.45
      1.31
      1.18
      1.08
     0.998
     0.934
     0.889
     0.862
     0.853
     0.862
     0.889
     0.934
     0.998
      1.08
      1.18
      1.31
      1.45
      1.62
      1.81
      2.03
      2.27
      2.55
      2.85
      3.19
      3.55
      3.94
      4.37
      4.81
      5.28
      5.76
      6.24
      6.74
      7.48
      8.97
      10.5
      11.9
      13.4
      14.9
      16.4
      17.9
      19.3
      19.3
      17.9
      16.4
      14.9
      13.4
      11.9
      10.4
      8.96
      7.48
      6.73
      6.24
      5.75
      5.27
      4.81
      4.36
      3.94
      3.55
      3.18
      2.85
      2.55
      2.27
      2.03
      1.81
      1.62
      1.45
      1.31
      1.18
      1.08
     0.996
     0.932
     0.887
      0.86
     0.851
      0.86
     0.887
     0.932
     0.996
      1.08
      1.18
      1.31
      1.45
      1.62
      1.81
      2.03
      2.27
      2.55
      2.85
      3.18
      3.55
      3.94
      4.36
      4.81
      5.27
      5.75
      6.24
      6.73
      7.48
      8.96
      10.4
      11.9
      13.4
      14.9
      16.4
      17.9
      19.3
      19.3
      17.9
      16.4
      14.9
      13.4
      11.9
      10.4
      8.96
      7.47
      6.73
      6.24
      5.75
      5.27
      4.81
      4.36
      3.94
      3.55
      3.19
      2.85
      2.55
      2.27
      2.03
      1.81
      1.62
      1.45
      1.31
      1.18
      1.08
     0.996
     0.933
     0.887
      0.86
     0.851
      0.86
     0.887
     0.933
     0.996
      1.08
      1.18
      1.31
      1.45
      1.62
      1.81
      2.03
      2.27
      2.55
      2.85
      3.19
      3.55
      3.94
      4.36
      4.81
      5.27
      5.75
      6.24
      6.73
      7.47
      8.96
      10.4
      11.9
      13.4
      14.9
      16.4
      17.9
      19.3
      19.3
      17.9
      16.4
      14.9
      13.4
      11.9
      10.4
      8.96
      7.47
      6.73
      6.24
      5.75
      5.27
      4.81
      4.36
      3.94
      3.55
      3.19
      2.85
      2.55
      2.28
      2.03
      1.81
      1.62
      1.45
      1.31
      1.18
      1.08
     0.998
     0.934
     0.889
     0.862
     0.853
     0.862
     0.889
     0.934
     0.998
      1.08
      1.18
      1.31
      1.45
      1.62
      1.81
      2.03
      2.28
      2.55
      2.85
      3.19
      3.55
      3.94
      4.36
      4.81
      5.27
      5.75
      6.24
      6.73
      7.47
      8.96
      10.4
      11.9
      13.4
      14.9
      16.4
      17.9
      19.3
      19.3
      17.9
      16.4
      14.9
      13.4
      11.9
      10.4
      8.96
      7.47
      6.73
      6.24
      5.75
      5.27
      4.81
      4.37
      3.95
      3.55
      3.19
      2.86
      2.56
      2.28
      2.04
      1.82
      1.63
      1.46
      1.31
      1.19
      1.08
         1
     0.938
     0.892
     0.865
     0.856
     0.865
     0.892
     0.938
         1
      1.08
      1.19
      1.31
      1.46
      1.63
      1.82
      2.04
      2.28
      2.56
      2.86
      3.19
      3.55
      3.95
      4.37
      4.81
      5.27
      5.75
      6.24
      6.73
      7.47
      8.96
      10.4
      11.9
      13.4
      14.9
      16.4
      17.9
      19.3
      19.3
      17.9
      16.4
      14.9
      13.4
      11.9
      10.4
      8.96
      7.48
      6.73
      6.24
      5.75
      5.28
      4.81
      4.37
      3.95
      3.56
       3.2
      2.86
      2.56
      2.29
      2.04
      1.82
      1.63
      1.46
      1.32
      1.19
      1.09
      1.01
     0.942
     0.897
      0.87
     0.861
      0.87
     0.897
     0.942
      1.01
      1.09
      1.19
      1.32
      1.46
      1.63
      1.82
      2.04
      2.29
      2.56
      2.86
       3.2
      3.56
      3.95
      4.37
      4.81
      5.28
      5.75
      6.24
      6.73
      7.48
      8.96
      10.4
      11.9
      13.4
      14.9
      16.4
      17.9
      19.3
      19.3
      17.9
      16.4
      14.9
      13.4
      11.9
      10.4
      8.96
      7.48
      6.74
      6.24
      5.76
      5.28
      4.82
      4.37
      3.96
      3.56
       3.2
      2.87
      2.57
      2.29
      2.05
      1.83
      1.64
      1.47
      1.32
       1.2
       1.1
      1.01
     0.948
     0.903
     0.876
     0.867
     0.876
     0.903
     0.948
      1.01
       1.1
       1.2
      1.32
      1.47
      1.64
      1.83
      2.05
      2.29
      2.57
      2.87
       3.2
      3.56
      3.96
      4.37
      4.82
      5.28
      5.76
      6.24
      6.74
      7.48
      8.96
      10.4
      11.9
      13.4
      14.9
      16.4
      17.9
      19.3
      19.3
      17.9
      16.4
      14.9
      13.4
      11.9
      10.4
      8.97
      7.48
      6.74
      6.25
      5.76
      5.29
      4.82
      4.38
      3.96
      3.57
      3.21
      2.88
      2.57
       2.3
      2.05
      1.84
      1.64
      1.48
      1.33
      1.21
       1.1
      1.02
     0.955
      0.91
     0.882
     0.873
     0.882
      0.91
     0.955
      1.02
       1.1
      1.21
      1.33
      1.48
      1.64
      1.84
      2.05
       2.3
      2.57
      2.88
      3.21
      3.57
      3.96
      4.38
      4.82
      5.29
      5.76
      6.25
      6.74
      7.48
      8.97
      10.4
      11.9
      13.4
      14.9
      16.4
      17.9
      19.3
      19.3
      17.9
      16.4
      14.9
      13.4
      11.9
      10.5
      8.97
      7.49
      6.75
      6.25
      5.77
      5.29
      4.83
      4.39
      3.97
      3.58
      3.22
      2.88
      2.58
      2.31
      2.06
      1.84
      1.65
      1.48
      1.34
      1.21
      1.11
      1.03
     0.963
     0.917
      0.89
     0.881
      0.89
     0.917
     0.963
      1.03
      1.11
      1.21
      1.34
      1.48
      1.65
      1.84
      2.06
      2.31
      2.58
      2.88
      3.22
      3.58
      3.97
      4.39
      4.83
      5.29
      5.77
      6.25
      6.75
      7.49
      8.97
      10.5
      11.9
      13.4
      14.9
      16.4
      17.9
      19.3
      19.3
      17.9
      16.4
      14.9
      13.4
      11.9
      10.5
      8.97
      7.49
      6.75
      6.26
      5.77
       5.3
      4.84
      4.39
      3.98
      3.59
      3.22
      2.89
      2.59
      2.32
      2.07
      1.85
      1.66
      1.49
      1.35
      1.22
      1.12
      1.04
     0.972
     0.926
     0.899
      0.89
     0.899
     0.926
     0.972
      1.04
      1.12
      1.22
      1.35
      1.49
      1.66
      1.85
      2.07
      2.32
      2.59
      2.89
      3.22
      3.59
      3.98
      4.39
      4.84
       5.3
      5.77
      6.26
      6.75
      7.49
      8.97
      10.5
      11.9
      13.4
      14.9
      16.4
      17.9
      19.3
      19.3
      17.9
      16.4
      14.9
      13.4
      11.9
      10.5
      8.98
       7.5
      6.76
      6.27
      5.78
      5.31
      4.84
       4.4
      3.99
      3.59
      3.23
       2.9
       2.6
      2.33
      2.08
      1.86
      1.67
       1.5
      1.36
      1.23
      1.13
      1.05
     0.982
     0.936
     0.909
       0.9
     0.909
     0.936
     0.982
      1.05
      1.13
      1.23
      1.36
       1.5
      1.67
      1.86
      2.08
      2.33
       2.6
       2.9
      3.23
      3.59
      3.99
       4.4
      4.84
      5.31
      5.78
      6.27
      6.76
       7.5
      8.98
      10.5
      11.9
      13.4
      14.9
      16.4
      17.9
      19.3
      19.3
      17.9
      16.4
      14.9
      13.4
      11.9
      10.5
      8.99
      7.51
      6.77
      6.27
      5.79
      5.31
      4.85
      4.41
      3.99
       3.6
      3.24
      2.91
      2.61
      2.34
      2.09
      1.87
      1.68
      1.51
      1.37
      1.24
      1.14
      1.06
     0.992
     0.947
     0.919
      0.91
     0.919
     0.947
     0.992
      1.06
      1.14
      1.24
      1.37
      1.51
      1.68
      1.87
      2.09
      2.34
      2.61
      2.91
      3.24
       3.6
      3.99
      4.41
      4.85
      5.31
      5.79
      6.27
      6.77
      7.51
      8.99
      10.5
      11.9
      13.4
      14.9
      16.4
      17.9
      19.3
      19.3
      17.9
      16.4
      14.9
      13.4
      11.9
      10.5
      8.99
      7.51
      6.77
      6.28
       5.8
      5.32
      4.86
      4.42
         4
      3.61
      3.25
      2.92
      2.62
      2.35
       2.1
      1.88
      1.69
      1.52
      1.38
      1.25
      1.15
      1.07
         1
     0.958
     0.931
     0.922
     0.931
     0.958
         1
      1.07
      1.15
      1.25
      1.38
      1.52
      1.69
      1.88
       2.1
      2.35
      2.62
      2.92
      3.25
      3.61
         4
      4.42
      4.86
      5.32
       5.8
      6.28
      6.77
      7.51
      8.99
      10.5
      11.9
      13.4
      14.9
      16.4
      17.9
      19.3
      19.3
      17.9
      16.4
      14.9
      13.4
        12
      10.5
         9
      7.52
      6.78
      6.29
      5.81
      5.33
      4.87
      4.43
      4.01
      3.62
      3.26
      2.93
      2.63
      2.36
      2.11
       1.9
       1.7
      1.54
      1.39
      1.27
      1.16
      1.08
      1.02
      0.97
     0.943
     0.934
     0.943
      0.97
      1.02
      1.08
      1.16
      1.27
      1.39
      1.54
       1.7
       1.9
      2.11
      2.36
      2.63
      2.93
      3.26
      3.62
      4.01
      4.43
      4.87
      5.33
      5.81
      6.29
      6.78
      7.52
         9
      10.5
        12
      13.4
      14.9
      16.4
      17.9
      19.3
      19.3
      17.9
      16.4
      14.9
      13.4
        12
      10.5
      9.01
      7.53
      6.79
       6.3
      5.82
      5.34
      4.88
      4.44
      4.03
      3.64
      3.28
      2.94
      2.64
      2.37
      2.13
      1.91
      1.72
      1.55
       1.4
      1.28
      1.18
      1.09
      1.03
     0.983
     0.956
     0.947
     0.956
     0.983
      1.03
      1.09
      1.18
      1.28
       1.4
      1.55
      1.72
      1.91
      2.13
      2.37
      2.64
      2.94
      3.28
      3.64
      4.03
      4.44
      4.88
      5.34
      5.82
       6.3
      6.79
      7.53
      9.01
      10.5
        12
      13.4
      14.9
      16.4
      17.9
      19.3
      19.3
      17.9
      16.4
      14.9
      13.4
        12
      10.5
      9.02
      7.54
       6.8
      6.31
      5.83
      5.35
      4.89
      4.45
      4.04
      3.65
      3.29
      2.96
      2.66
      2.38
      2.14
      1.92
      1.73
      1.56
      1.42
      1.29
      1.19
      1.11
      1.04
     0.997
      0.97
     0.961
      0.97
     0.997
      1.04
      1.11
      1.19
      1.29
      1.42
      1.56
      1.73
      1.92
      2.14
      2.38
      2.66
      2.96
      3.29
      3.65
      4.04
      4.45
      4.89
      5.35
      5.83
      6.31
       6.8
      7.54
      9.02
      10.5
        12
      13.4
      14.9
      16.4
      17.9
      19.3
      19.3
      17.9
      16.4
      14.9
      13.4
        12
      10.5
      9.02
      7.55
      6.81
      6.32
      5.84
      5.37
      4.91
      4.47
      4.05
      3.66
       3.3
      2.97
      2.67
       2.4
      2.15
      1.94
      1.74
      1.58
      1.43
      1.31
       1.2
      1.12
      1.06
      1.01
     0.985
     0.976
     0.985
      1.01
      1.06
      1.12
       1.2
      1.31
      1.43
      1.58
      1.74
      1.94
      2.15
       2.4
      2.67
      2.97
       3.3
      3.66
      4.05
      4.47
      4.91
      5.37
      5.84
      6.32
      6.81
      7.55
      9.02
      10.5
        12
      13.4
      14.9
      16.4
      17.9
      19.3
      19.3
      17.9
      16.4
      14.9
      13.5
        12
      10.5
      9.03
      7.56
      6.82
      6.34
      5.85
      5.38
      4.92
      4.48
      4.06
      3.68
      3.32
      2.98
      2.68
      2.41
      2.17
      1.95
      1.76
      1.59
      1.45
      1.32
      1.22
      1.14
      1.07
      1.03
         1
     0.991
         1
      1.03
      1.07
      1.14
      1.22
      1.32
      1.45
      1.59
      1.76
      1.95
      2.17
      2.41
      2.68
      2.98
      3.32
      3.68
      4.06
      4.48
      4.92
      5.38
      5.85
      6.34
      6.82
      7.56
      9.03
      10.5
        12
      13.5
      14.9
      16.4
      17.9
      19.3
      19.3
      17.9
      16.4
      14.9
      13.5
        12
      10.5
      9.04
      7.57
      6.84
      6.35
      5.87
      5.39
      4.93
      4.49
      4.08
      3.69
      3.33
         3
       2.7
      2.43
      2.18
      1.97
      1.77
      1.61
      1.46
      1.34
      1.24
      1.15
      1.09
      1.04
      1.02
      1.01
      1.02
      1.04
      1.09
      1.15
      1.24
      1.34
      1.46
      1.61
      1.77
      1.97
      2.18
      2.43
       2.7
         3
      3.33
      3.69
      4.08
      4.49
      4.93
      5.39
      5.87
      6.35
      6.84
      7.57
      9.04
      10.5
        12
      13.5
      14.9
      16.4
      17.9
      19.3
      19.3
      17.9
      16.4
      14.9
      13.5
        12
      10.5
      9.05
      7.58
      6.85
      6.36
      5.88
      5.41
      4.95
      4.51
      4.09
      3.71
      3.35
      3.02
      2.72
      2.44
       2.2
      1.98
      1.79
      1.62
      1.48
      1.36
      1.25
      1.17
      1.11
      1.06
      1.03
      1.03
      1.03
      1.06
      1.11
      1.17
      1.25
      1.36
      1.48
      1.62
      1.79
      1.98
       2.2
      2.44
      2.72
      3.02
      3.35
      3.71
      4.09
      4.51
      4.95
      5.41
      5.88
      6.36
      6.85
      7.58
      9.05
      10.5
        12
      13.5
      14.9
      16.4
      17.9
      19.3
      19.3
      17.9
      16.4
      14.9
      13.5
        12
      10.5
      9.07
       7.6
      6.86
      6.38
      5.89
      5.42
      4.96
      4.53
      4.11
      3.72
      3.36
      3.03
      2.73
      2.46
      2.22
         2
      1.81
      1.64
       1.5
      1.37
      1.27
      1.19
      1.12
      1.08
      1.05
      1.04
      1.05
      1.08
      1.12
      1.19
      1.27
      1.37
       1.5
      1.64
      1.81
         2
      2.22
      2.46
      2.73
      3.03
      3.36
      3.72
      4.11
      4.53
      4.96
      5.42
      5.89
      6.38
      6.86
       7.6
      9.07
      10.5
        12
      13.5
      14.9
      16.4
      17.9
      19.3
      19.3
      17.9
      16.4
      14.9
      13.5
        12
      10.5
      9.08
      7.61
      6.88
      6.39
      5.91
      5.44
      4.98
      4.54
      4.13
      3.74
      3.38
      3.05
      2.75
      2.48
      2.24
      2.02
      1.83
      1.66
      1.52
      1.39
      1.29
      1.21
      1.14
       1.1
      1.07
      1.06
      1.07
       1.1
      1.14
      1.21
      1.29
      1.39
      1.52
      1.66
      1.83
      2.02
      2.24
      2.48
      2.75
      3.05
      3.38
      3.74
      4.13
      4.54
      4.98
      5.44
      5.91
      6.39
      6.88
      7.61
      9.08
      10.5
        12
      13.5
      14.9
      16.4
      17.9
      19.3
      19.3
      17.9
      16.4
      14.9
      13.5
        12
      10.6
      9.09
      7.63
      6.89
      6.41
      5.93
      5.45
         5
      4.56
      4.15
      3.76
       3.4
      3.07
      2.77
       2.5
      2.26
      2.04
      1.85
      1.68
      1.54
      1.41
      1.31
      1.23
      1.16
      1.12
      1.09
      1.08
      1.09
      1.12
      1.16
      1.23
      1.31
      1.41
      1.54
      1.68
      1.85
      2.04
      2.26
       2.5
      2.77
      3.07
       3.4
      3.76
      4.15
      4.56
         5
      5.45
      5.93
      6.41
      6.89
      7.63
      9.09
      10.6
        12
      13.5
      14.9
      16.4
      17.9
      19.3
      19.3
      17.9
      16.4
        15
      13.5
        12
      10.6
      9.11
      7.64
      6.91
      6.42
      5.94
      5.47
      5.02
      4.58
      4.16
      3.78
      3.42
      3.09
      2.79
      2.52
      2.28
      2.06
      1.87
       1.7
      1.56
      1.43
      1.33
      1.25
      1.19
      1.14
      1.11
      1.11
      1.11
      1.14
      1.19
      1.25
      1.33
      1.43
      1.56
       1.7
      1.87
      2.06
      2.28
      2.52
      2.79
      3.09
      3.42
      3.78
      4.16
      4.58
      5.02
      5.47
      5.94
      6.42
      6.91
      7.64
      9.11
      10.6
        12
      13.5
        15
      16.4
      17.9
      19.3
      19.3
      17.9
      16.4
        15
      13.5
        12
      10.6
      9.12
      7.66
      6.93
      6.44
      5.96
      5.49
      5.04
       4.6
      4.19
       3.8
      3.44
      3.11
      2.81
      2.54
       2.3
      2.08
      1.89
      1.72
      1.58
      1.46
      1.36
      1.27
      1.21
      1.16
      1.14
      1.13
      1.14
      1.16
      1.21
      1.27
      1.36
      1.46
      1.58
      1.72
      1.89
      2.08
       2.3
      2.54
      2.81
      3.11
      3.44
       3.8
      4.19
       4.6
      5.04
      5.49
      5.96
      6.44
      6.93
      7.66
      9.12
      10.6
        12
      13.5
        15
      16.4
      17.9
      19.3
      19.3
      17.9
      16.4
        15
      13.5
      12.1
      10.6
      9.14
      7.68
      6.95
      6.46
      5.98
      5.51
      5.06
      4.62
      4.21
      3.82
      3.46
      3.13
      2.83
      2.56
      2.32
      2.11
      1.91
      1.75
       1.6
      1.48
      1.38
       1.3
      1.23
      1.19
      1.16
      1.15
      1.16
      1.19
      1.23
       1.3
      1.38
      1.48
       1.6
      1.75
      1.91
      2.11
      2.32
      2.56
      2.83
      3.13
      3.46
      3.82
      4.21
      4.62
      5.06
      5.51
      5.98
      6.46
      6.95
      7.68
      9.14
      10.6
      12.1
      13.5
        15
      16.4
      17.9
      19.3
      19.3
      17.9
      16.4
        15
      13.5
      12.1
      10.6
      9.15
       7.7
      6.97
      6.48
         6
      5.53
      5.08
      4.64
      4.23
      3.84
      3.49
      3.16
      2.86
      2.59
      2.35
      2.13
      1.94
      1.77
      1.63
      1.51
      1.41
      1.32
      1.26
      1.21
      1.19
      1.18
      1.19
      1.21
      1.26
      1.32
      1.41
      1.51
      1.63
      1.77
      1.94
      2.13
      2.35
      2.59
      2.86
      3.16
      3.49
      3.84
      4.23
      4.64
      5.08
      5.53
         6
      6.48
      6.97
       7.7
      9.15
      10.6
      12.1
      13.5
        15
      16.4
      17.9
      19.3
      19.3
      17.9
      16.4
        15
      13.5
      12.1
      10.6
      9.17
      7.72
      6.99
      6.51
      6.03
      5.56
       5.1
      4.67
      4.25
      3.87
      3.51
      3.18
      2.88
      2.61
      2.37
      2.16
      1.97
       1.8
      1.66
      1.53
      1.43
      1.35
      1.29
      1.24
      1.22
      1.21
      1.22
      1.24
      1.29
      1.35
      1.43
      1.53
      1.66
       1.8
      1.97
      2.16
      2.37
      2.61
      2.88
      3.18
      3.51
      3.87
      4.25
      4.67
       5.1
      5.56
      6.03
      6.51
      6.99
      7.72
      9.17
      10.6
      12.1
      13.5
        15
      16.4
      17.9
      19.3
      19.3
      17.9
      16.4
        15
      13.5
      12.1
      10.6
      9.19
      7.74
      7.01
      6.53
      6.05
      5.58
      5.13
      4.69
      4.28
      3.89
      3.54
      3.21
      2.91
      2.64
       2.4
      2.18
      1.99
      1.83
      1.69
      1.56
      1.46
      1.38
      1.32
      1.27
      1.25
      1.24
      1.25
      1.27
      1.32
      1.38
      1.46
      1.56
      1.69
      1.83
      1.99
      2.18
       2.4
      2.64
      2.91
      3.21
      3.54
      3.89
      4.28
      4.69
      5.13
      5.58
      6.05
      6.53
      7.01
      7.74
      9.19
      10.6
      12.1
      13.5
        15
      16.4
      17.9
      19.3
      19.3
      17.9
      16.4
        15
      13.6
      12.1
      10.7
      9.21
      7.76
      7.04
      6.56
      6.08
      5.61
      5.16
      4.72
      4.31
      3.92
      3.57
      3.24
      2.94
      2.67
      2.43
      2.21
      2.02
      1.86
      1.72
      1.59
      1.49
      1.41
      1.35
       1.3
      1.28
      1.27
      1.28
       1.3
      1.35
      1.41
      1.49
      1.59
      1.72
      1.86
      2.02
      2.21
      2.43
      2.67
      2.94
      3.24
      3.57
      3.92
      4.31
      4.72
      5.16
      5.61
      6.08
      6.56
      7.04
      7.76
      9.21
      10.7
      12.1
      13.6
        15
      16.4
      17.9
      19.3
      19.3
      17.9
      16.5
        15
      13.6
      12.1
      10.7
      9.24
      7.79
      7.07
      6.58
      6.11
      5.64
      5.19
      4.75
      4.34
      3.95
       3.6
      3.27
      2.97
       2.7
      2.46
      2.25
      2.06
      1.89
      1.75
      1.63
      1.53
      1.44
      1.38
      1.34
      1.31
       1.3
      1.31
      1.34
      1.38
      1.44
      1.53
      1.63
      1.75
      1.89
      2.06
      2.25
      2.46
       2.7
      2.97
      3.27
       3.6
      3.95
      4.34
      4.75
      5.19
      5.64
      6.11
      6.58
      7.07
      7.79
      9.24
      10.7
      12.1
      13.6
        15
      16.5
      17.9
      19.3
      19.3
      17.9
      16.5
        15
      13.6
      12.1
      10.7
      9.26
      7.82
       7.1
      6.62
      6.14
      5.67
      5.22
      4.78
      4.37
      3.99
      3.63
       3.3
         3
      2.73
      2.49
      2.28
      2.09
      1.93
      1.78
      1.66
      1.56
      1.48
      1.42
      1.37
      1.35
      1.34
      1.35
      1.37
      1.42
      1.48
      1.56
      1.66
      1.78
      1.93
      2.09
      2.28
      2.49
      2.73
         3
       3.3
      3.63
      3.99
      4.37
      4.78
      5.22
      5.67
      6.14
      6.62
       7.1
      7.82
      9.26
      10.7
      12.1
      13.6
        15
      16.5
      17.9
      19.3
      19.3
      17.9
      16.5
        15
      13.6
      12.2
      10.7
      9.29
      7.85
      7.13
      6.65
      6.17
      5.71
      5.25
      4.82
      4.41
      4.02
      3.66
      3.34
      3.04
      2.77
      2.53
      2.32
      2.13
      1.96
      1.82
       1.7
       1.6
      1.52
      1.46
      1.41
      1.39
      1.38
      1.39
      1.41
      1.46
      1.52
       1.6
       1.7
      1.82
      1.96
      2.13
      2.32
      2.53
      2.77
      3.04
      3.34
      3.66
      4.02
      4.41
      4.82
      5.25
      5.71
      6.17
      6.65
      7.13
      7.85
      9.29
      10.7
      12.2
      13.6
        15
      16.5
      17.9
      19.3
      19.3
      17.9
      16.5
      15.1
      13.6
      12.2
      10.8
      9.32
      7.88
      7.16
      6.69
      6.21
      5.74
      5.29
      4.86
      4.44
      4.06
       3.7
      3.38
      3.08
      2.81
      2.57
      2.36
      2.17
         2
      1.86
      1.74
      1.64
      1.56
       1.5
      1.46
      1.43
      1.42
      1.43
      1.46
       1.5
      1.56
      1.64
      1.74
      1.86
         2
      2.17
      2.36
      2.57
      2.81
      3.08
      3.38
       3.7
      4.06
      4.44
      4.86
      5.29
      5.74
      6.21
      6.69
      7.16
      7.88
      9.32
      10.8
      12.2
      13.6
      15.1
      16.5
      17.9
      19.3
      19.3
      17.9
      16.5
      15.1
      13.6
      12.2
      10.8
      9.35
      7.92
       7.2
      6.73
      6.25
      5.78
      5.33
       4.9
      4.49
       4.1
      3.74
      3.42
      3.12
      2.85
      2.61
       2.4
      2.21
      2.05
      1.91
      1.79
      1.69
      1.61
      1.55
       1.5
      1.48
      1.47
      1.48
       1.5
      1.55
      1.61
      1.69
      1.79
      1.91
      2.05
      2.21
       2.4
      2.61
      2.85
      3.12
      3.42
      3.74
       4.1
      4.49
       4.9
      5.33
      5.78
      6.25
      6.73
       7.2
      7.92
      9.35
      10.8
      12.2
      13.6
      15.1
      16.5
      17.9
      19.3
      19.3
      17.9
      16.5
      15.1
      13.7
      12.2
      10.8
      9.39
      7.96
      7.25
      6.77
       6.3
      5.83
      5.38
      4.94
      4.53
      4.15
      3.79
      3.46
      3.17
       2.9
      2.66
      2.45
      2.26
       2.1
      1.96
      1.84
      1.74
      1.66
       1.6
      1.55
      1.53
      1.52
      1.53
      1.55
       1.6
      1.66
      1.74
      1.84
      1.96
       2.1
      2.26
      2.45
      2.66
       2.9
      3.17
      3.46
      3.79
      4.15
      4.53
      4.94
      5.38
      5.83
       6.3
      6.77
      7.25
      7.96
      9.39
      10.8
      12.2
      13.7
      15.1
      16.5
      17.9
      19.3
      19.3
      17.9
      16.5
      15.1
      13.7
      12.3
      10.9
      9.43
      8.01
       7.3
      6.82
      6.35
      5.88
      5.43
      4.99
      4.58
      4.19
      3.84
      3.51
      3.21
      2.95
      2.71
       2.5
      2.31
      2.15
      2.01
      1.89
      1.79
      1.71
      1.65
      1.61
      1.58
      1.57
      1.58
      1.61
      1.65
      1.71
      1.79
      1.89
      2.01
      2.15
      2.31
       2.5
      2.71
      2.95
      3.21
      3.51
      3.84
      4.19
      4.58
      4.99
      5.43
      5.88
      6.35
      6.82
       7.3
      8.01
      9.43
      10.9
      12.3
      13.7
      15.1
      16.5
      17.9
      19.3
      19.3
      17.9
      16.5
      15.1
      13.7
      12.3
      10.9
      9.48
      8.06
      7.35
      6.87
       6.4
      5.93
      5.48
      5.05
      4.63
      4.25
      3.89
      3.57
      3.27
         3
      2.76
      2.55
      2.37
      2.21
      2.07
      1.95
      1.85
      1.77
      1.71
      1.67
      1.64
      1.64
      1.64
      1.67
      1.71
      1.77
      1.85
      1.95
      2.07
      2.21
      2.37
      2.55
      2.76
         3
      3.27
      3.57
      3.89
      4.25
      4.63
      5.05
      5.48
      5.93
       6.4
      6.87
      7.35
      8.06
      9.48
      10.9
      12.3
      13.7
      15.1
      16.5
      17.9
      19.3
      19.3
      17.9
      16.5
      15.1
      13.7
      12.3
      10.9
      9.53
      8.12
      7.41
      6.94
      6.46
         6
      5.54
      5.11
       4.7
      4.31
      3.95
      3.63
      3.33
      3.06
      2.83
      2.62
      2.43
      2.27
      2.13
      2.02
      1.92
      1.84
      1.78
      1.74
      1.71
       1.7
      1.71
      1.74
      1.78
      1.84
      1.92
      2.02
      2.13
      2.27
      2.43
      2.62
      2.83
      3.06
      3.33
      3.63
      3.95
      4.31
       4.7
      5.11
      5.54
         6
      6.46
      6.94
      7.41
      8.12
      9.53
      10.9
      12.3
      13.7
      15.1
      16.5
      17.9
      19.3
      19.3
        18
      16.6
      15.2
      13.8
      12.4
        11
      9.59
      8.18
      7.48
      7.01
      6.53
      6.07
      5.61
      5.18
      4.76
      4.38
      4.02
      3.69
       3.4
      3.13
      2.89
      2.68
       2.5
      2.34
       2.2
      2.09
      1.99
      1.92
      1.86
      1.81
      1.79
      1.78
      1.79
      1.81
      1.86
      1.92
      1.99
      2.09
       2.2
      2.34
       2.5
      2.68
      2.89
      3.13
       3.4
      3.69
      4.02
      4.38
      4.76
      5.18
      5.61
      6.07
      6.53
      7.01
      7.48
      8.18
      9.59
        11
      12.4
      13.8
      15.2
      16.6
        18
      19.3
      19.3
        18
      16.6
      15.2
      13.8
      12.4
        11
      9.66
      8.26
      7.56
      7.08
      6.61
      6.15
      5.69
      5.25
      4.84
      4.45
      4.09
      3.77
      3.47
      3.21
      2.97
      2.76
      2.58
      2.42
      2.28
      2.17
      2.08
         2
      1.94
       1.9
      1.88
      1.87
      1.88
       1.9
      1.94
         2
      2.08
      2.17
      2.28
      2.42
      2.58
      2.76
      2.97
      3.21
      3.47
      3.77
      4.09
      4.45
      4.84
      5.25
      5.69
      6.15
      6.61
      7.08
      7.56
      8.26
      9.66
        11
      12.4
      13.8
      15.2
      16.6
        18
      19.3
      19.3
        18
      16.6
      15.2
      13.9
      12.5
      11.1
      9.73
      8.34
      7.64
      7.17
       6.7
      6.24
      5.78
      5.34
      4.93
      4.54
      4.18
      3.85
      3.55
      3.29
      3.05
      2.85
      2.67
      2.51
      2.38
      2.26
      2.17
       2.1
      2.04
         2
      1.97
      1.97
      1.97
         2
      2.04
       2.1
      2.17
      2.26
      2.38
      2.51
      2.67
      2.85
      3.05
      3.29
      3.55
      3.85
      4.18
      4.54
      4.93
      5.34
      5.78
      6.24
       6.7
      7.17
      7.64
      8.34
      9.73
      11.1
      12.5
      13.9
      15.2
      16.6
        18
      19.3
      19.3
        18
      16.6
      15.3
      13.9
      12.6
      11.2
      9.82
      8.44
      7.75
      7.28
      6.81
      6.34
      5.88
      5.44
      5.02
      4.63
      4.27
      3.95
      3.65
      3.39
      3.15
      2.95
      2.77
      2.61
      2.48
      2.37
      2.28
       2.2
      2.15
      2.11
      2.09
      2.08
      2.09
      2.11
      2.15
       2.2
      2.28
      2.37
      2.48
      2.61
      2.77
      2.95
      3.15
      3.39
      3.65
      3.95
      4.27
      4.63
      5.02
      5.44
      5.88
      6.34
      6.81
      7.28
      7.75
      8.44
      9.82
      11.2
      12.6
      13.9
      15.3
      16.6
        18
      19.3
      19.3
        18
      16.7
      15.3
        14
      12.6
      11.3
      9.91
      8.55
      7.86
       7.4
      6.93
      6.46
         6
      5.56
      5.14
      4.74
      4.38
      4.05
      3.76
       3.5
      3.26
      3.06
      2.88
      2.73
       2.6
      2.49
       2.4
      2.33
      2.28
      2.24
      2.21
      2.21
      2.21
      2.24
      2.28
      2.33
       2.4
      2.49
       2.6
      2.73
      2.88
      3.06
      3.26
       3.5
      3.76
      4.05
      4.38
      4.74
      5.14
      5.56
         6
      6.46
      6.93
       7.4
      7.86
      8.55
      9.91
      11.3
      12.6
        14
      15.3
      16.7
        18
      19.3
      19.3
        18
      16.7
      15.4
        14
      12.7
      11.4
        10
      8.68
         8
      7.53
      7.06
       6.6
      6.13
      5.69
      5.27
      4.87
      4.51
      4.18
      3.89
      3.62
      3.39
      3.19
      3.01
      2.87
      2.74
      2.63
      2.55
      2.48
      2.42
      2.39
      2.36
      2.36
      2.36
      2.39
      2.42
      2.48
      2.55
      2.63
      2.74
      2.87
      3.01
      3.19
      3.39
      3.62
      3.89
      4.18
      4.51
      4.87
      5.27
      5.69
      6.13
       6.6
      7.06
      7.53
         8
      8.68
        10
      11.4
      12.7
        14
      15.4
      16.7
        18
      19.3
      19.3
        18
      16.7
      15.4
      14.1
      12.8
      11.5
      10.1
      8.82
      8.16
       7.7
      7.23
      6.76
       6.3
      5.85
      5.42
      5.02
      4.66
      4.33
      4.03
      3.77
      3.54
      3.34
      3.17
      3.03
       2.9
       2.8
      2.71
      2.65
       2.6
      2.56
      2.54
      2.53
      2.54
      2.56
       2.6
      2.65
      2.71
       2.8
       2.9
      3.03
      3.17
      3.34
      3.54
      3.77
      4.03
      4.33
      4.66
      5.02
      5.42
      5.85
       6.3
      6.76
      7.23
       7.7
      8.16
      8.82
      10.1
      11.5
      12.8
      14.1
      15.4
      16.7
        18
      19.3
      19.3
        18
      16.7
      15.4
      14.1
      12.9
      11.6
      10.3
      8.99
      8.34
      7.89
      7.42
      6.95
      6.49
      6.03
       5.6
       5.2
      4.84
      4.51
      4.21
      3.95
      3.72
      3.53
      3.36
      3.22
       3.1
         3
      2.91
      2.85
       2.8
      2.77
      2.75
      2.74
      2.75
      2.77
       2.8
      2.85
      2.91
         3
       3.1
      3.22
      3.36
      3.53
      3.72
      3.95
      4.21
      4.51
      4.84
       5.2
       5.6
      6.03
      6.49
      6.95
      7.42
      7.89
      8.34
      8.99
      10.3
      11.6
      12.9
      14.1
      15.4
      16.7
        18
      19.3
      19.3
        18
      16.8
      15.5
      14.2
      12.9
      11.7
      10.4
      9.19
      8.56
      8.12
      7.66
      7.19
      6.72
      6.26
      5.83
      5.42
      5.05
      4.72
      4.43
      4.17
      3.94
      3.75
      3.59
      3.45
      3.33
      3.23
      3.16
       3.1
      3.05
      3.02
         3
      2.99
         3
      3.02
      3.05
       3.1
      3.16
      3.23
      3.33
      3.45
      3.59
      3.75
      3.94
      4.17
      4.43
      4.72
      5.05
      5.42
      5.83
      6.26
      6.72
      7.19
      7.66
      8.12
      8.56
      9.19
      10.4
      11.7
      12.9
      14.2
      15.5
      16.8
        18
      19.3
      19.3
        18
      16.8
      15.5
      14.2
        13
      11.8
      10.6
       9.4
      8.83
      8.41
      7.95
      7.48
      7.01
      6.54
       6.1
       5.7
      5.32
      4.99
      4.69
      4.44
      4.22
      4.03
      3.87
      3.73
      3.62
      3.53
      3.46
       3.4
      3.35
      3.32
      3.31
       3.3
      3.31
      3.32
      3.35
       3.4
      3.46
      3.53
      3.62
      3.73
      3.87
      4.03
      4.22
      4.44
      4.69
      4.99
      5.32
       5.7
       6.1
      6.54
      7.01
      7.48
      7.95
      8.41
      8.83
       9.4
      10.6
      11.8
        13
      14.2
      15.5
      16.8
        18
      19.3
      19.3
        18
      16.8
      15.5
      14.2
        13
      11.9
      10.7
      9.57
      9.03
      8.62
      8.17
       7.7
      7.22
      6.76
      6.31
       5.9
      5.52
      5.19
       4.9
      4.64
      4.42
      4.24
      4.08
      3.95
      3.84
      3.76
      3.69
      3.63
      3.59
      3.56
      3.54
      3.54
      3.54
      3.56
      3.59
      3.63
      3.69
      3.76
      3.84
      3.95
      4.08
      4.24
      4.42
      4.64
       4.9
      5.19
      5.52
       5.9
      6.31
      6.76
      7.22
       7.7
      8.17
      8.62
      9.03
      9.57
      10.7
      11.9
        13
      14.2
      15.5
      16.8
        18
      19.3
      19.3
        18
      16.7
      15.4
      14.2
        13
      11.9
      10.8
      9.69
      9.17
      8.77
      8.33
      7.86
      7.39
      6.92
      6.47
      6.06
      5.68
      5.34
      5.05
       4.8
      4.58
       4.4
      4.25
      4.12
      4.02
      3.93
      3.87
      3.81
      3.77
      3.75
      3.73
      3.73
      3.73
      3.75
      3.77
      3.81
      3.87
      3.93
      4.02
      4.12
      4.25
       4.4
      4.58
       4.8
      5.05
      5.34
      5.68
      6.06
      6.47
      6.92
      7.39
      7.86
      8.33
      8.77
      9.17
      9.69
      10.8
      11.9
        13
      14.2
      15.4
      16.7
        18
      19.3
      19.3
        18
      16.6
      15.3
      14.1
        13
      11.8
      10.8
      9.76
      9.26
      8.88
      8.44
      7.98
      7.51
      7.04
      6.59
      6.18
       5.8
      5.47
      5.18
      4.93
      4.71
      4.53
      4.38
      4.26
      4.16
      4.08
      4.01
      3.96
      3.93
       3.9
      3.88
      3.88
      3.88
       3.9
      3.93
      3.96
      4.01
      4.08
      4.16
      4.26
      4.38
      4.53
      4.71
      4.93
      5.18
      5.47
       5.8
      6.18
      6.59
      7.04
      7.51
      7.98
      8.44
      8.88
      9.26
      9.76
      10.8
      11.8
        13
      14.1
      15.3
      16.6
        18
      19.3
      19.3
      17.8
      16.4
      15.1
      13.9
      12.8
      11.8
      10.8
      9.78
      9.32
      8.95
      8.52
      8.07
       7.6
      7.14
       6.7
      6.28
      5.91
      5.57
      5.28
      5.03
      4.82
      4.64
       4.5
      4.38
      4.28
       4.2
      4.14
      4.09
      4.05
      4.03
      4.01
      4.01
      4.01
      4.03
      4.05
      4.09
      4.14
       4.2
      4.28
      4.38
       4.5
      4.64
      4.82
      5.03
      5.28
      5.57
      5.91
      6.28
       6.7
      7.14
       7.6
      8.07
      8.52
      8.95
      9.32
      9.78
      10.8
      11.8
      12.8
      13.9
      15.1
      16.4
      17.8
      19.3
      19.3
      17.5
        16
      14.7
      13.6
      12.6
      11.6
      10.7
      9.77
      9.34
      8.98
      8.58
      8.14
      7.68
      7.22
      6.78
      6.37
         6
      5.67
      5.38
      5.13
      4.92
      4.74
       4.6
      4.48
      4.38
      4.31
      4.24
       4.2
      4.16
      4.14
      4.12
      4.12
      4.12
      4.14
      4.16
       4.2
      4.24
      4.31
      4.38
      4.48
       4.6
      4.74
      4.92
      5.13
      5.38
      5.67
         6
      6.37
      6.78
      7.22
      7.68
      8.14
      8.58
      8.98
      9.34
      9.77
      10.7
      11.6
      12.6
      13.6
      14.7
        16
      17.5
      19.3
      19.3
      16.8
      15.3
      14.1
      13.1
      12.2
      11.3
      10.5
      9.72
      9.33
         9
      8.61
      8.18
      7.73
      7.29
      6.85
      6.45
      6.08
      5.75
      5.46
      5.22
      5.01
      4.84
      4.69
      4.58
      4.48
       4.4
      4.34
       4.3
      4.26
      4.24
      4.23
      4.22
      4.23
      4.24
      4.26
       4.3
      4.34
       4.4
      4.48
      4.58
      4.69
      4.84
      5.01
      5.22
      5.46
      5.75
      6.08
      6.45
      6.85
      7.29
      7.73
      8.18
      8.61
         9
      9.33
      9.72
      10.5
      11.3
      12.2
      13.1
      14.1
      15.3
      16.8
      19.3
      14.5
      14.5
        14
      13.3
      12.5
      11.8
      11.1
      10.3
      9.64
       9.3
      8.99
      8.63
      8.22
      7.78
      7.34
      6.92
      6.52
      6.16
      5.83
      5.55
       5.3
       5.1
      4.92
      4.78
      4.67
      4.57
       4.5
      4.44
      4.39
      4.36
      4.33
      4.32
      4.32
      4.32
      4.33
      4.36
      4.39
      4.44
       4.5
      4.57
      4.67
      4.78
      4.92
       5.1
       5.3
      5.55
      5.83
      6.16
      6.52
      6.92
      7.34
      7.78
      8.22
      8.63
      8.99
       9.3
      9.64
      10.3
      11.1
      11.8
      12.5
      13.3
        14
      14.5
      14.5
      13.1
      13.1
      12.9
      12.4
      11.9
      11.3
      10.7
      10.1
      9.55
      9.25
      8.98
      8.63
      8.24
      7.82
       7.4
      6.98
      6.59
      6.23
      5.91
      5.63
      5.39
      5.18
      5.01
      4.87
      4.75
      4.66
      4.58
      4.53
      4.48
      4.45
      4.42
      4.41
      4.41
      4.41
      4.42
      4.45
      4.48
      4.53
      4.58
      4.66
      4.75
      4.87
      5.01
      5.18
      5.39
      5.63
      5.91
      6.23
      6.59
      6.98
       7.4
      7.82
      8.24
      8.63
      8.98
      9.25
      9.55
      10.1
      10.7
      11.3
      11.9
      12.4
      12.9
      13.1
      13.1
      12.2
      12.2
        12
      11.7
      11.4
      10.9
      10.4
      9.96
      9.46
      9.21
      8.96
      8.64
      8.26
      7.86
      7.45
      7.04
      6.66
      6.31
      5.99
      5.71
      5.47
      5.27
       5.1
      4.96
      4.84
      4.75
      4.67
      4.61
      4.57
      4.53
      4.51
       4.5
      4.49
       4.5
      4.51
      4.53
      4.57
      4.61
      4.67
      4.75
      4.84
      4.96
       5.1
      5.27
      5.47
      5.71
      5.99
      6.31
      6.66
      7.04
      7.45
      7.86
      8.26
      8.64
      8.96
      9.21
      9.46
      9.96
      10.4
      10.9
      11.4
      11.7
        12
      12.2
      12.2
      11.5
      11.5
      11.4
      11.2
      10.9
      10.6
      10.2
      9.79
      9.37
      9.16
      8.94
      8.64
      8.28
       7.9
       7.5
       7.1
      6.73
      6.38
      6.07
      5.79
      5.55
      5.35
      5.18
      5.04
      4.93
      4.83
      4.76
       4.7
      4.65
      4.62
       4.6
      4.59
      4.58
      4.59
       4.6
      4.62
      4.65
       4.7
      4.76
      4.83
      4.93
      5.04
      5.18
      5.35
      5.55
      5.79
      6.07
      6.38
      6.73
       7.1
       7.5
       7.9
      8.28
      8.64
      8.94
      9.16
      9.37
      9.79
      10.2
      10.6
      10.9
      11.2
      11.4
      11.5
      11.5
        11
        11
      10.9
      10.7
      10.5
      10.3
      9.96
      9.64
       9.3
      9.12
      8.92
      8.64
       8.3
      7.93
      7.54
      7.16
      6.79
      6.45
      6.14
      5.87
      5.64
      5.44
      5.27
      5.13
      5.01
      4.92
      4.84
      4.79
      4.74
      4.71
      4.68
      4.67
      4.67
      4.67
      4.68
      4.71
      4.74
      4.79
      4.84
      4.92
      5.01
      5.13
      5.27
      5.44
      5.64
      5.87
      6.14
      6.45
      6.79
      7.16
      7.54
      7.93
       8.3
      8.64
      8.92
      9.12
       9.3
      9.64
      9.96
      10.3
      10.5
      10.7
      10.9
        11
        11
      10.6
      10.6
      10.5
      10.4
      10.2
        10
      9.78
      9.52
      9.24
       9.1
      8.91
      8.65
      8.33
      7.97
       7.6
      7.22
      6.86
      6.53
      6.22
      5.95
      5.72
      5.52
      5.35
      5.21
       5.1
      5.01
      4.93
      4.87
      4.83
      4.79
      4.77
      4.76
      4.75
      4.76
      4.77
      4.79
      4.83
      4.87
      4.93
      5.01
       5.1
      5.21
      5.35
      5.52
      5.72
      5.95
      6.22
      6.53
      6.86
      7.22
       7.6
      7.97
      8.33
      8.65
      8.91
       9.1
      9.24
      9.52
      9.78
        10
      10.2
      10.4
      10.5
      10.6
      10.6
      10.3
      10.3
      10.2
      10.1
        10
      9.84
      9.64
      9.43
       9.2
      9.08
      8.91
      8.66
      8.36
      8.01
      7.65
      7.28
      6.93
       6.6
       6.3
      6.03
       5.8
      5.61
      5.44
       5.3
      5.18
      5.09
      5.02
      4.96
      4.91
      4.88
      4.86
      4.84
      4.84
      4.84
      4.86
      4.88
      4.91
      4.96
      5.02
      5.09
      5.18
       5.3
      5.44
      5.61
       5.8
      6.03
       6.3
       6.6
      6.93
      7.28
      7.65
      8.01
      8.36
      8.66
      8.91
      9.08
       9.2
      9.43
      9.64
      9.84
        10
      10.1
      10.2
      10.3
      10.3
        10
        10
        10
      9.93
      9.83
      9.69
      9.53
      9.36
      9.17
      9.07
      8.92
      8.68
      8.39
      8.06
       7.7
      7.34
         7
      6.67
      6.38
      6.12
      5.89
      5.69
      5.52
      5.39
      5.27
      5.18
       5.1
      5.04
         5
      4.96
      4.94
      4.93
      4.92
      4.93
      4.94
      4.96
         5
      5.04
       5.1
      5.18
      5.27
      5.39
      5.52
      5.69
      5.89
      6.12
      6.38
      6.67
         7
      7.34
       7.7
      8.06
      8.39
      8.68
      8.92
      9.07
      9.17
      9.36
      9.53
      9.69
      9.83
      9.93
        10
        10
        10
      9.87
      9.87
      9.84
      9.78
      9.69
      9.59
      9.46
      9.31
      9.16
      9.08
      8.93
      8.71
      8.43
      8.11
      7.76
      7.41
      7.07
      6.75
      6.46
       6.2
      5.97
      5.78
      5.61
      5.47
      5.36
      5.26
      5.19
      5.13
      5.08
      5.05
      5.03
      5.01
      5.01
      5.01
      5.03
      5.05
      5.08
      5.13
      5.19
      5.26
      5.36
      5.47
      5.61
      5.78
      5.97
       6.2
      6.46
      6.75
      7.07
      7.41
      7.76
      8.11
      8.43
      8.71
      8.93
      9.08
      9.16
      9.31
      9.46
      9.59
      9.69
      9.78
      9.84
      9.87
      9.87
      9.74
      9.74
      9.72
      9.67
       9.6
      9.51
      9.41
      9.29
      9.16
      9.09
      8.96
      8.75
      8.47
      8.16
      7.82
      7.48
      7.14
      6.83
      6.54
      6.28
      6.06
      5.86
       5.7
      5.56
      5.44
      5.35
      5.28
      5.22
      5.17
      5.14
      5.11
       5.1
      5.09
       5.1
      5.11
      5.14
      5.17
      5.22
      5.28
      5.35
      5.44
      5.56
       5.7
      5.86
      6.06
      6.28
      6.54
      6.83
      7.14
      7.48
      7.82
      8.16
      8.47
      8.75
      8.96
      9.09
      9.16
      9.29
      9.41
      9.51
       9.6
      9.67
      9.72
      9.74
      9.74
      9.65
      9.65
      9.63
      9.59
      9.54
      9.46
      9.38
      9.28
      9.17
      9.12
      8.99
      8.79
      8.52
      8.21
      7.88
      7.55
      7.22
      6.91
      6.62
      6.36
      6.14
      5.95
      5.78
      5.64
      5.53
      5.44
      5.36
       5.3
      5.26
      5.22
       5.2
      5.19
      5.18
      5.19
       5.2
      5.22
      5.26
       5.3
      5.36
      5.44
      5.53
      5.64
      5.78
      5.95
      6.14
      6.36
      6.62
      6.91
      7.22
      7.55
      7.88
      8.21
      8.52
      8.79
      8.99
      9.12
      9.17
      9.28
      9.38
      9.46
      9.54
      9.59
      9.63
      9.65
      9.65
      9.59
      9.59
      9.58
      9.54
       9.5
      9.44
      9.37
      9.28
      9.19
      9.15
      9.03
      8.83
      8.58
      8.28
      7.95
      7.62
      7.29
      6.98
       6.7
      6.45
      6.23
      6.03
      5.87
      5.73
      5.62
      5.52
      5.45
      5.39
      5.34
      5.31
      5.28
      5.27
      5.27
      5.27
      5.28
      5.31
      5.34
      5.39
      5.45
      5.52
      5.62
      5.73
      5.87
      6.03
      6.23
      6.45
       6.7
      6.98
      7.29
      7.62
      7.95
      8.28
      8.58
      8.83
      9.03
      9.15
      9.19
      9.28
      9.37
      9.44
       9.5
      9.54
      9.58
      9.59
      9.59
      9.56
      9.56
      9.55
      9.52
      9.48
      9.43
      9.37
       9.3
      9.23
      9.19
      9.08
      8.89
      8.63
      8.34
      8.02
      7.69
      7.37
      7.06
      6.78
      6.53
      6.31
      6.12
      5.96
      5.82
       5.7
      5.61
      5.54
      5.48
      5.43
      5.39
      5.37
      5.36
      5.35
      5.36
      5.37
      5.39
      5.43
      5.48
      5.54
      5.61
       5.7
      5.82
      5.96
      6.12
      6.31
      6.53
      6.78
      7.06
      7.37
      7.69
      8.02
      8.34
      8.63
      8.89
      9.08
      9.19
      9.23
       9.3
      9.37
      9.43
      9.48
      9.52
      9.55
      9.56
      9.56
      9.55
      9.55
      9.54
      9.51
      9.48
      9.44
      9.39
      9.33
      9.27
      9.24
      9.13
      8.94
       8.7
      8.41
      8.09
      7.77
      7.45
      7.15
      6.87
      6.62
       6.4
       6.2
      6.04
       5.9
      5.79
       5.7
      5.62
      5.56
      5.51
      5.48
      5.46
      5.44
      5.44
      5.44
      5.46
      5.48
      5.51
      5.56
      5.62
       5.7
      5.79
       5.9
      6.04
       6.2
       6.4
      6.62
      6.87
      7.15
      7.45
      7.77
      8.09
      8.41
       8.7
      8.94
      9.13
      9.24
      9.27
      9.33
      9.39
      9.44
      9.48
      9.51
      9.54
      9.55
      9.55
      9.55
      9.55
      9.54
      9.52
       9.5
      9.46
      9.42
      9.37
      9.32
      9.29
      9.19
      9.01
      8.76
      8.48
      8.16
      7.84
      7.53
      7.23
      6.95
       6.7
      6.48
      6.29
      6.13
      5.99
      5.88
      5.78
      5.71
      5.65
       5.6
      5.57
      5.54
      5.53
      5.52
      5.53
      5.54
      5.57
       5.6
      5.65
      5.71
      5.78
      5.88
      5.99
      6.13
      6.29
      6.48
       6.7
      6.95
      7.23
      7.53
      7.84
      8.16
      8.48
      8.76
      9.01
      9.19
      9.29
      9.32
      9.37
      9.42
      9.46
       9.5
      9.52
      9.54
      9.55
      9.55
      9.57
      9.57
      9.56
      9.55
      9.52
      9.49
      9.46
      9.42
      9.37
      9.35
      9.25
      9.07
      8.83
      8.55
      8.24
      7.92
      7.61
      7.31
      7.03
      6.79
      6.57
      6.38
      6.21
      6.08
      5.96
      5.87
      5.79
      5.73
      5.69
      5.65
      5.63
      5.61
      5.61
      5.61
      5.63
      5.65
      5.69
      5.73
      5.79
      5.87
      5.96
      6.08
      6.21
      6.38
      6.57
      6.79
      7.03
      7.31
      7.61
      7.92
      8.24
      8.55
      8.83
      9.07
      9.25
      9.35
      9.37
      9.42
      9.46
      9.49
      9.52
      9.55
      9.56
      9.57
      9.57
       9.6
       9.6
       9.6
      9.58
      9.56
      9.54
      9.51
      9.47
      9.44
      9.42
      9.32
      9.14
      8.91
      8.62
      8.32
         8
      7.69
      7.39
      7.12
      6.87
      6.65
      6.46
       6.3
      6.16
      6.05
      5.96
      5.88
      5.82
      5.77
      5.73
      5.71
       5.7
      5.69
       5.7
      5.71
      5.73
      5.77
      5.82
      5.88
      5.96
      6.05
      6.16
       6.3
      6.46
      6.65
      6.87
      7.12
      7.39
      7.69
         8
      8.32
      8.62
      8.91
      9.14
      9.32
      9.42
      9.44
      9.47
      9.51
      9.54
      9.56
      9.58
       9.6
       9.6
       9.6
      9.65
      9.65
      9.64
      9.63
      9.61
      9.59
      9.56
      9.53
       9.5
      9.49
      9.39
      9.22
      8.98
       8.7
       8.4
      8.08
      7.77
      7.48
       7.2
      6.96
      6.74
      6.55
      6.39
      6.25
      6.14
      6.04
      5.96
       5.9
      5.85
      5.82
      5.79
      5.78
      5.77
      5.78
      5.79
      5.82
      5.85
       5.9
      5.96
      6.04
      6.14
      6.25
      6.39
      6.55
      6.74
      6.96
       7.2
      7.48
      7.77
      8.08
       8.4
       8.7
      8.98
      9.22
      9.39
      9.49
       9.5
      9.53
      9.56
      9.59
      9.61
      9.63
      9.64
      9.65
      9.65
       9.7
       9.7
      9.69
      9.68
      9.67
      9.65
      9.63
       9.6
      9.57
      9.56
      9.46
      9.29
      9.06
      8.78
      8.48
      8.17
      7.86
      7.56
      7.29
      7.05
      6.83
      6.64
      6.47
      6.34
      6.22
      6.13
      6.05
      5.99
      5.94
       5.9
      5.88
      5.86
      5.86
      5.86
      5.88
       5.9
      5.94
      5.99
      6.05
      6.13
      6.22
      6.34
      6.47
      6.64
      6.83
      7.05
      7.29
      7.56
      7.86
      8.17
      8.48
      8.78
      9.06
      9.29
      9.46
      9.56
      9.57
       9.6
      9.63
      9.65
      9.67
      9.68
      9.69
       9.7
       9.7
      9.76
      9.76
      9.75
      9.74
      9.73
      9.71
      9.69
      9.67
      9.65
      9.64
      9.54
      9.37
      9.14
      8.87
      8.56
      8.25
      7.94
      7.65
      7.38
      7.13
      6.92
      6.73
      6.56
      6.42
      6.31
      6.21
      6.13
      6.07
      6.02
      5.98
      5.95
      5.94
      5.93
      5.94
      5.95
      5.98
      6.02
      6.07
      6.13
      6.21
      6.31
      6.42
      6.56
      6.73
      6.92
      7.13
      7.38
      7.65
      7.94
      8.25
      8.56
      8.87
      9.14
      9.37
      9.54
      9.64
      9.65
      9.67
      9.69
      9.71
      9.73
      9.74
      9.75
      9.76
      9.76
      9.82
      9.82
      9.82
      9.81
       9.8
      9.78
      9.77
      9.75
      9.72
      9.72
      9.62
      9.45
      9.22
      8.95
      8.65
      8.34
      8.03
      7.74
      7.47
      7.22
         7
      6.81
      6.65
      6.51
      6.39
      6.29
      6.21
      6.15
       6.1
      6.06
      6.03
      6.02
      6.01
      6.02
      6.03
      6.06
       6.1
      6.15
      6.21
      6.29
      6.39
      6.51
      6.65
      6.81
         7
      7.22
      7.47
      7.74
      8.03
      8.34
      8.65
      8.95
      9.22
      9.45
      9.62
      9.72
      9.72
      9.75
      9.77
      9.78
       9.8
      9.81
      9.82
      9.82
      9.82
      9.89
      9.89
      9.89
      9.88
      9.87
      9.86
      9.84
      9.82
      9.81
       9.8
      9.71
      9.54
      9.31
      9.04
      8.74
      8.43
      8.12
      7.83
      7.56
      7.31
       7.1
       6.9
      6.74
       6.6
      6.48
      6.38
      6.29
      6.23
      6.17
      6.13
      6.11
      6.09
      6.08
      6.09
      6.11
      6.13
      6.17
      6.23
      6.29
      6.38
      6.48
       6.6
      6.74
       6.9
       7.1
      7.31
      7.56
      7.83
      8.12
      8.43
      8.74
      9.04
      9.31
      9.54
      9.71
       9.8
      9.81
      9.82
      9.84
      9.86
      9.87
      9.88
      9.89
      9.89
      9.89
      9.97
      9.97
      9.97
      9.96
      9.95
      9.94
      9.92
      9.91
      9.89
      9.88
      9.79
      9.63
       9.4
      9.13
      8.83
      8.52
      8.22
      7.93
      7.65
      7.41
      7.19
         7
      6.83
      6.68
      6.56
      6.46
      6.37
       6.3
      6.25
       6.2
      6.17
      6.16
      6.15
      6.16
      6.17
       6.2
      6.25
       6.3
      6.37
      6.46
      6.56
      6.68
      6.83
         7
      7.19
      7.41
      7.65
      7.93
      8.22
      8.52
      8.83
      9.13
       9.4
      9.63
      9.79
      9.88
      9.89
      9.91
      9.92
      9.94
      9.95
      9.96
      9.97
      9.97
      9.97
      10.1
      10.1
      10.1
        10
        10
        10
        10
      9.99
      9.98
      9.97
      9.88
      9.72
      9.49
      9.22
      8.92
      8.62
      8.31
      8.02
      7.75
      7.51
      7.29
      7.09
      6.92
      6.77
      6.64
      6.54
      6.45
      6.37
      6.31
      6.27
      6.23
      6.21
      6.21
      6.21
      6.23
      6.27
      6.31
      6.37
      6.45
      6.54
      6.64
      6.77
      6.92
      7.09
      7.29
      7.51
      7.75
      8.02
      8.31
      8.62
      8.92
      9.22
      9.49
      9.72
      9.88
      9.97
      9.98
      9.99
        10
        10
        10
        10
      10.1
      10.1
      10.1
      10.1
      10.1
      10.1
      10.1
      10.1
      10.1
      10.1
      10.1
      10.1
      10.1
      9.97
      9.81
      9.58
      9.32
      9.02
      8.72
      8.42
      8.13
      7.86
      7.61
      7.39
      7.19
      7.01
      6.86
      6.73
      6.61
      6.52
      6.43
      6.37
      6.32
      6.28
      6.26
      6.25
      6.26
      6.28
      6.32
      6.37
      6.43
      6.52
      6.61
      6.73
      6.86
      7.01
      7.19
      7.39
      7.61
      7.86
      8.13
      8.42
      8.72
      9.02
      9.32
      9.58
      9.81
      9.97
      10.1
      10.1
      10.1
      10.1
      10.1
      10.1
      10.1
      10.1
      10.1
      10.1
      10.2
      10.2
      10.2
      10.2
      10.2
      10.2
      10.2
      10.2
      10.2
      10.2
      10.1
       9.9
      9.68
      9.42
      9.13
      8.83
      8.53
      8.24
      7.97
      7.72
       7.5
       7.3
      7.11
      6.95
      6.81
      6.69
      6.58
      6.49
      6.41
      6.36
      6.32
      6.29
      6.28
      6.29
      6.32
      6.36
      6.41
      6.49
      6.58
      6.69
      6.81
      6.95
      7.11
       7.3
       7.5
      7.72
      7.97
      8.24
      8.53
      8.83
      9.13
      9.42
      9.68
       9.9
      10.1
      10.2
      10.2
      10.2
      10.2
      10.2
      10.2
      10.2
      10.2
      10.2
      10.2
