       6.4
       6.4
       6.4
      6.39
      6.38
      6.36
      6.35
      6.33
      6.31
       6.3
      6.21
      6.05
      5.82
      5.56
      5.27
      4.97
      4.67
      4.38
      4.11
      3.86
      3.63
      3.43
      3.25
      3.08
      2.94
      2.82
      2.71
      2.62
      2.55
      2.49
      2.45
      2.42
      2.41
      2.42
      2.45
      2.49
      2.55
      2.62
      2.71
      2.82
      2.94
      3.08
      3.25
      3.43
      3.63
      3.86
      4.11
      4.38
      4.67
      4.97
      5.27
      5.56
      5.82
      6.05
      6.21
       6.3
      6.31
      6.33
      6.35
      6.36
      6.38
      6.39
       6.4
       6.4
       6.4
      6.39
      6.39
      6.39
      6.38
      6.37
      6.36
      6.34
      6.32
       6.3
       6.3
       6.2
      6.04
      5.81
      5.54
      5.24
      4.93
      4.63
      4.34
      4.07
      3.82
       3.6
       3.4
      3.23
      3.08
      2.95
      2.84
      2.75
      2.68
      2.62
      2.57
      2.54
      2.52
      2.51
      2.52
      2.54
      2.57
      2.62
      2.68
      2.75
      2.84
      2.95
      3.08
      3.23
       3.4
       3.6
      3.82
      4.07
      4.34
      4.63
      4.93
      5.24
      5.54
      5.81
      6.04
       6.2
       6.3
       6.3
      6.32
      6.34
      6.36
      6.37
      6.38
      6.39
      6.39
      6.39
      6.41
      6.41
      6.41
       6.4
      6.39
      6.37
      6.35
      6.33
      6.31
       6.3
      6.21
      6.04
      5.81
      5.53
      5.23
      4.92
      4.61
      4.32
      4.05
       3.8
      3.58
      3.39
      3.22
      3.08
      2.96
      2.86
      2.78
      2.71
      2.66
      2.62
      2.59
      2.57
      2.57
      2.57
      2.59
      2.62
      2.66
      2.71
      2.78
      2.86
      2.96
      3.08
      3.22
      3.39
      3.58
       3.8
      4.05
      4.32
      4.61
      4.92
      5.23
      5.53
      5.81
      6.04
      6.21
       6.3
      6.31
      6.33
      6.35
      6.37
      6.39
       6.4
      6.41
      6.41
      6.41
      6.46
      6.46
      6.45
      6.44
      6.43
      6.41
      6.38
      6.36
      6.33
      6.31
      6.22
      6.05
      5.81
      5.54
      5.23
      4.92
      4.61
      4.32
      4.04
       3.8
      3.58
      3.39
      3.22
      3.08
      2.97
      2.87
      2.79
      2.73
      2.68
      2.64
      2.61
       2.6
      2.59
       2.6
      2.61
      2.64
      2.68
      2.73
      2.79
      2.87
      2.97
      3.08
      3.22
      3.39
      3.58
       3.8
      4.04
      4.32
      4.61
      4.92
      5.23
      5.54
      5.81
      6.05
      6.22
      6.31
      6.33
      6.36
      6.38
      6.41
      6.43
      6.44
      6.45
      6.46
      6.46
      6.53
      6.53
      6.53
      6.51
      6.49
      6.47
      6.44
       6.4
      6.36
      6.35
      6.25
      6.07
      5.83
      5.55
      5.24
      4.93
      4.62
      4.32
      4.04
       3.8
      3.58
      3.39
      3.22
      3.09
      2.97
      2.88
       2.8
      2.74
      2.69
      2.65
      2.63
      2.61
      2.61
      2.61
      2.63
      2.65
      2.69
      2.74
       2.8
      2.88
      2.97
      3.09
      3.22
      3.39
      3.58
       3.8
      4.04
      4.32
      4.62
      4.93
      5.24
      5.55
      5.83
      6.07
      6.25
      6.35
      6.36
       6.4
      6.44
      6.47
      6.49
      6.51
      6.53
      6.53
      6.53
      6.65
      6.65
      6.64
      6.62
       6.6
      6.56
      6.52
      6.47
      6.42
      6.39
      6.29
      6.11
      5.86
      5.58
      5.26
      4.94
      4.63
      4.33
      4.05
       3.8
      3.58
      3.39
      3.22
      3.09
      2.97
      2.88
       2.8
      2.74
      2.69
      2.66
      2.63
      2.62
      2.62
      2.62
      2.63
      2.66
      2.69
      2.74
       2.8
      2.88
      2.97
      3.09
      3.22
      3.39
      3.58
       3.8
      4.05
      4.33
      4.63
      4.94
      5.26
      5.58
      5.86
      6.11
      6.29
      6.39
      6.42
      6.47
      6.52
      6.56
       6.6
      6.62
      6.64
      6.65
      6.65
      6.83
      6.83
      6.82
      6.79
      6.75
       6.7
      6.64
      6.57
       6.5
      6.46
      6.35
      6.16
      5.91
      5.61
      5.29
      4.96
      4.64
      4.34
      4.06
       3.8
      3.58
      3.39
      3.23
      3.09
      2.97
      2.88
       2.8
      2.74
       2.7
      2.66
      2.64
      2.62
      2.62
      2.62
      2.64
      2.66
       2.7
      2.74
       2.8
      2.88
      2.97
      3.09
      3.23
      3.39
      3.58
       3.8
      4.06
      4.34
      4.64
      4.96
      5.29
      5.61
      5.91
      6.16
      6.35
      6.46
       6.5
      6.57
      6.64
       6.7
      6.75
      6.79
      6.82
      6.83
      6.83
      7.09
      7.09
      7.07
      7.03
      6.98
       6.9
      6.82
      6.72
      6.61
      6.56
      6.44
      6.23
      5.97
      5.66
      5.33
      4.99
      4.66
      4.35
      4.06
      3.81
      3.58
      3.39
      3.23
      3.09
      2.97
      2.88
       2.8
      2.74
       2.7
      2.66
      2.64
      2.62
      2.62
      2.62
      2.64
      2.66
       2.7
      2.74
       2.8
      2.88
      2.97
      3.09
      3.23
      3.39
      3.58
      3.81
      4.06
      4.35
      4.66
      4.99
      5.33
      5.66
      5.97
      6.23
      6.44
      6.56
      6.61
      6.72
      6.82
       6.9
      6.98
      7.03
      7.07
      7.09
      7.09
      7.47
      7.47
      7.44
      7.38
       7.3
      7.19
      7.07
      6.93
      6.77
      6.69
      6.55
      6.33
      6.05
      5.72
      5.38
      5.03
      4.69
      4.37
      4.07
      3.81
      3.59
      3.39
      3.22
      3.08
      2.97
      2.88
       2.8
      2.74
      2.69
      2.66
      2.64
      2.62
      2.62
      2.62
      2.64
      2.66
      2.69
      2.74
       2.8
      2.88
      2.97
      3.08
      3.22
      3.39
      3.59
      3.81
      4.07
      4.37
      4.69
      5.03
      5.38
      5.72
      6.05
      6.33
      6.55
      6.69
      6.77
      6.93
      7.07
      7.19
       7.3
      7.38
      7.44
      7.47
      7.47
      8.03
      8.03
      7.99
       7.9
      7.77
      7.61
      7.42
      7.21
      6.98
      6.87
       6.7
      6.45
      6.15
       5.8
      5.44
      5.07
      4.72
      4.39
      4.08
      3.82
      3.59
      3.39
      3.22
      3.08
      2.96
      2.87
       2.8
      2.74
      2.69
      2.66
      2.63
      2.62
      2.62
      2.62
      2.63
      2.66
      2.69
      2.74
       2.8
      2.87
      2.96
      3.08
      3.22
      3.39
      3.59
      3.82
      4.08
      4.39
      4.72
      5.07
      5.44
       5.8
      6.15
      6.45
       6.7
      6.87
      6.98
      7.21
      7.42
      7.61
      7.77
       7.9
      7.99
      8.03
      8.03
      8.88
      8.88
      8.81
      8.66
      8.46
      8.21
      7.92
       7.6
      7.26
      7.09
      6.89
      6.61
      6.27
       5.9
      5.51
      5.12
      4.75
      4.41
       4.1
      3.82
      3.59
      3.38
      3.21
      3.07
      2.96
      2.86
      2.79
      2.73
      2.68
      2.65
      2.63
      2.61
      2.61
      2.61
      2.63
      2.65
      2.68
      2.73
      2.79
      2.86
      2.96
      3.07
      3.21
      3.38
      3.59
      3.82
       4.1
      4.41
      4.75
      5.12
      5.51
       5.9
      6.27
      6.61
      6.89
      7.09
      7.26
       7.6
      7.92
      8.21
      8.46
      8.66
      8.81
      8.88
      8.88
      10.2
      10.2
      10.1
      9.79
      9.45
      9.04
      8.59
       8.1
      7.61
      7.36
      7.11
      6.78
      6.41
         6
      5.58
      5.17
      4.78
      4.42
       4.1
      3.82
      3.58
      3.38
       3.2
      3.06
      2.95
      2.85
      2.78
      2.72
      2.67
      2.64
      2.62
       2.6
       2.6
       2.6
      2.62
      2.64
      2.67
      2.72
      2.78
      2.85
      2.95
      3.06
       3.2
      3.38
      3.58
      3.82
       4.1
      4.42
      4.78
      5.17
      5.58
         6
      6.41
      6.78
      7.11
      7.36
      7.61
       8.1
      8.59
      9.04
      9.45
      9.79
      10.1
      10.2
      10.2
      12.4
      12.4
        12
      11.5
      10.8
      10.1
      9.43
      8.72
      8.01
      7.66
      7.34
      6.97
      6.55
       6.1
      5.65
      5.22
      4.81
      4.44
      4.11
      3.82
      3.57
      3.37
      3.19
      3.05
      2.93
      2.84
      2.76
       2.7
      2.66
      2.62
       2.6
      2.59
      2.58
      2.59
       2.6
      2.62
      2.66
       2.7
      2.76
      2.84
      2.93
      3.05
      3.19
      3.37
      3.57
      3.82
      4.11
      4.44
      4.81
      5.22
      5.65
       6.1
      6.55
      6.97
      7.34
      7.66
      8.01
      8.72
      9.43
      10.1
      10.8
      11.5
        12
      12.4
      12.4
      19.3
      16.9
      15.2
      13.7
      12.5
      11.4
      10.3
      9.33
      8.38
      7.92
      7.55
      7.12
      6.66
      6.18
      5.71
      5.25
      4.83
      4.44
      4.11
      3.81
      3.56
      3.35
      3.17
      3.03
      2.91
      2.81
      2.73
      2.67
      2.63
      2.59
      2.57
      2.56
      2.55
      2.56
      2.57
      2.59
      2.63
      2.67
      2.73
      2.81
      2.91
      3.03
      3.17
      3.35
      3.56
      3.81
      4.11
      4.44
      4.83
      5.25
      5.71
      6.18
      6.66
      7.12
      7.55
      7.92
      8.38
      9.33
      10.3
      11.4
      12.5
      13.7
      15.2
      16.9
      19.3
      19.3
      17.7
      16.1
      14.7
      13.3
      12.1
      10.9
      9.73
      8.62
      8.09
      7.67
      7.21
      6.72
      6.21
      5.72
      5.25
      4.82
      4.43
      4.08
      3.78
      3.53
      3.31
      3.13
      2.98
      2.86
      2.76
      2.68
      2.62
      2.57
      2.54
      2.51
       2.5
      2.49
       2.5
      2.51
      2.54
      2.57
      2.62
      2.68
      2.76
      2.86
      2.98
      3.13
      3.31
      3.53
      3.78
      4.08
      4.43
      4.82
      5.25
      5.72
      6.21
      6.72
      7.21
      7.67
      8.09
      8.62
      9.73
      10.9
      12.1
      13.3
      14.7
      16.1
      17.7
      19.3
      19.3
      17.9
      16.5
      15.1
      13.7
      12.4
      11.1
      9.88
      8.68
       8.1
      7.66
      7.18
      6.67
      6.16
      5.67
      5.19
      4.76
      4.36
      4.02
      3.71
      3.45
      3.23
      3.05
      2.89
      2.77
      2.66
      2.58
      2.51
      2.46
      2.42
      2.39
      2.38
      2.37
      2.38
      2.39
      2.42
      2.46
      2.51
      2.58
      2.66
      2.77
      2.89
      3.05
      3.23
      3.45
      3.71
      4.02
      4.36
      4.76
      5.19
      5.67
      6.16
      6.67
      7.18
      7.66
       8.1
      8.68
      9.88
      11.1
      12.4
      13.7
      15.1
      16.5
      17.9
      19.3
      19.3
      17.9
      16.5
      15.2
      13.8
      12.4
      11.1
      9.82
      8.54
      7.93
      7.47
      6.98
      6.48
      5.97
      5.48
      5.01
      4.58
      4.19
      3.84
      3.54
      3.28
      3.05
      2.86
       2.7
      2.56
      2.45
      2.36
      2.28
      2.23
      2.18
      2.15
      2.13
      2.13
      2.13
      2.15
      2.18
      2.23
      2.28
      2.36
      2.45
      2.56
       2.7
      2.86
      3.05
      3.28
      3.54
      3.84
      4.19
      4.58
      5.01
      5.48
      5.97
      6.48
      6.98
      7.47
      7.93
      8.54
      9.82
      11.1
      12.4
      13.8
      15.2
      16.5
      17.9
      19.3
      19.3
      17.9
      16.5
      15.1
      13.7
      12.4
        11
      9.59
       8.2
      7.51
      7.02
      6.52
      6.02
      5.53
      5.05
      4.59
      4.17
      3.79
      3.44
      3.14
      2.87
      2.64
      2.44
      2.27
      2.12
         2
       1.9
      1.82
      1.75
      1.71
      1.67
      1.65
      1.64
      1.65
      1.67
      1.71
      1.75
      1.82
       1.9
         2
      2.12
      2.27
      2.44
      2.64
      2.87
      3.14
      3.44
      3.79
      4.17
      4.59
      5.05
      5.53
      6.02
      6.52
      7.02
      7.51
       8.2
      9.59
        11
      12.4
      13.7
      15.1
      16.5
      17.9
      19.3
      19.3
      17.9
      16.5
      15.1
      13.7
      12.2
      10.8
      9.39
      7.95
      7.23
      6.74
      6.24
      5.74
      5.26
      4.79
      4.35
      3.93
      3.55
      3.21
      2.91
      2.64
       2.4
      2.19
      2.01
      1.86
      1.73
      1.62
      1.53
      1.46
      1.41
      1.37
      1.35
      1.34
      1.35
      1.37
      1.41
      1.46
      1.53
      1.62
      1.73
      1.86
      2.01
      2.19
       2.4
      2.64
      2.91
      3.21
      3.55
      3.93
      4.35
      4.79
      5.26
      5.74
      6.24
      6.74
      7.23
      7.95
      9.39
      10.8
      12.2
      13.7
      15.1
      16.5
      17.9
      19.3
      19.3
      17.9
      16.5
        15
      13.6
      12.1
      10.7
      9.24
      7.78
      7.05
      6.55
      6.06
      5.57
      5.09
      4.63
      4.19
      3.78
      3.41
      3.07
      2.76
      2.49
      2.25
      2.04
      1.86
       1.7
      1.56
      1.45
      1.36
      1.28
      1.22
      1.18
      1.16
      1.15
      1.16
      1.18
      1.22
      1.28
      1.36
      1.45
      1.56
       1.7
      1.86
      2.04
      2.25
      2.49
      2.76
      3.07
      3.41
      3.78
      4.19
      4.63
      5.09
      5.57
      6.06
      6.55
      7.05
      7.78
      9.24
      10.7
      12.1
      13.6
        15
      16.5
      17.9
      19.3
      19.3
      17.9
      16.4
        15
      13.5
      12.1
      10.6
      9.14
      7.67
      6.93
      6.43
      5.94
      5.45
      4.98
      4.52
      4.09
      3.69
      3.32
      2.98
      2.67
       2.4
      2.16
      1.94
      1.76
      1.59
      1.46
      1.34
      1.24
      1.16
       1.1
      1.06
      1.04
      1.03
      1.04
      1.06
       1.1
      1.16
      1.24
      1.34
      1.46
      1.59
      1.76
      1.94
      2.16
       2.4
      2.67
      2.98
      3.32
      3.69
      4.09
      4.52
      4.98
      5.45
      5.94
      6.43
      6.93
      7.67
      9.14
      10.6
      12.1
      13.5
        15
      16.4
      17.9
      19.3
      19.3
      17.9
      16.4
      14.9
      13.5
        12
      10.5
      9.07
      7.59
      6.85
      6.35
      5.86
      5.38
       4.9
      4.45
      4.03
      3.63
      3.26
      2.92
      2.62
      2.34
       2.1
      1.88
      1.69
      1.53
      1.39
      1.27
      1.17
      1.09
      1.03
     0.985
     0.959
     0.951
     0.959
     0.985
      1.03
      1.09
      1.17
      1.27
      1.39
      1.53
      1.69
      1.88
       2.1
      2.34
      2.62
      2.92
      3.26
      3.63
      4.03
      4.45
       4.9
      5.38
      5.86
      6.35
      6.85
      7.59
      9.07
      10.5
        12
      13.5
      14.9
      16.4
      17.9
      19.3
      19.3
      17.9
      16.4
      14.9
      13.5
        12
      10.5
      9.02
      7.54
       6.8
       6.3
      5.81
      5.33
      4.86
      4.41
      3.99
      3.59
      3.22
      2.89
      2.58
      2.31
      2.06
      1.85
      1.66
      1.49
      1.35
      1.23
      1.12
      1.04
     0.981
     0.937
     0.911
     0.902
     0.911
     0.937
     0.981
      1.04
      1.12
      1.23
      1.35
      1.49
      1.66
      1.85
      2.06
      2.31
      2.58
      2.89
      3.22
      3.59
      3.99
      4.41
      4.86
      5.33
      5.81
       6.3
       6.8
      7.54
      9.02
      10.5
        12
      13.5
      14.9
      16.4
      17.9
      19.3
      19.3
      17.9
      16.4
      14.9
      13.4
        12
      10.5
      8.99
      7.51
      6.76
      6.27
      5.78
       5.3
      4.83
      4.39
      3.96
      3.57
       3.2
      2.87
      2.56
      2.29
      2.04
      1.83
      1.63
      1.47
      1.32
       1.2
       1.1
      1.02
     0.954
     0.909
     0.883
     0.874
     0.883
     0.909
     0.954
      1.02
       1.1
       1.2
      1.32
      1.47
      1.63
      1.83
      2.04
      2.29
      2.56
      2.87
       3.2
      3.57
      3.96
      4.39
      4.83
       5.3
      5.78
      6.27
      6.76
      7.51
      8.99
      10.5
        12
      13.4
      14.9
      16.4
      17.9
      19.3
      19.3
      17.9
      16.4
      14.9
      13.4
      11.9
      10.5
      8.97
      7.49
      6.75
      6.25
      5.76
      5.28
      4.82
      4.37
      3.95
      3.56
      3.19
      2.86
      2.55
      2.28
      2.03
      1.82
      1.62
      1.46
      1.31
      1.19
      1.09
         1
     0.941
     0.896
     0.869
      0.86
     0.869
     0.896
     0.941
         1
      1.09
      1.19
      1.31
      1.46
      1.62
      1.82
      2.03
      2.28
      2.55
      2.86
      3.19
      3.56
      3.95
      4.37
      4.82
      5.28
      5.76
      6.25
      6.75
      7.49
      8.97
      10.5
      11.9
      13.4
      14.9
      16.4
      17.9
      19.3
      19.3
      17.9
      16.4
      14.9
      13.4
      11.9
      10.4
      8.96
      7.48
      6.74
      6.24
      5.76
      5.28
      4.81
      4.37
      3.95
      3.55
      3.19
      2.86
      2.55
      2.28
      2.03
      1.82
      1.62
      1.46
      1.31
      1.19
      1.08
         1
     0.938
     0.892
     0.865
     0.856
     0.865
     0.892
     0.938
         1
      1.08
      1.19
      1.31
      1.46
      1.62
      1.82
      2.03
      2.28
      2.55
      2.86
      3.19
      3.55
      3.95
      4.37
      4.81
      5.28
      5.76
      6.24
      6.74
      7.48
      8.96
      10.4
      11.9
      13.4
      14.9
      16.4
      17.9
      19.3
      19.3
      17.9
      16.4
      14.9
      13.4
      11.9
      10.4
      8.96
      7.48
      6.74
      6.24
      5.76
      5.28
      4.81
      4.37
      3.95
      3.56
       3.2
      2.86
      2.56
      2.29
      2.04
      1.82
      1.63
      1.46
      1.32
      1.19
      1.09
      1.01
     0.942
     0.896
     0.869
      0.86
     0.869
     0.896
     0.942
      1.01
      1.09
      1.19
      1.32
      1.46
      1.63
      1.82
      2.04
      2.29
      2.56
      2.86
       3.2
      3.56
      3.95
      4.37
      4.81
      5.28
      5.76
      6.24
      6.74
      7.48
      8.96
      10.4
      11.9
      13.4
      14.9
      16.4
      17.9
      19.3
      19.3
      17.9
      16.4
      14.9
      13.4
      11.9
      10.4
      8.97
      7.48
      6.74
      6.25
      5.76
      5.28
      4.82
      4.38
      3.96
      3.57
       3.2
      2.87
      2.57
       2.3
      2.05
      1.83
      1.64
      1.47
      1.33
       1.2
       1.1
      1.02
     0.952
     0.906
     0.879
      0.87
     0.879
     0.906
     0.952
      1.02
       1.1
       1.2
      1.33
      1.47
      1.64
      1.83
      2.05
       2.3
      2.57
      2.87
       3.2
      3.57
      3.96
      4.38
      4.82
      5.28
      5.76
      6.25
      6.74
      7.48
      8.97
      10.4
      11.9
      13.4
      14.9
      16.4
      17.9
      19.3
      19.3
      17.9
      16.4
      14.9
      13.4
      11.9
      10.5
      8.97
      7.49
      6.75
      6.26
      5.77
      5.29
      4.83
      4.39
      3.97
      3.58
      3.22
      2.89
      2.58
      2.31
      2.06
      1.85
      1.65
      1.49
      1.34
      1.22
      1.11
      1.03
     0.966
      0.92
     0.893
     0.884
     0.893
      0.92
     0.966
      1.03
      1.11
      1.22
      1.34
      1.49
      1.65
      1.85
      2.06
      2.31
      2.58
      2.89
      3.22
      3.58
      3.97
      4.39
      4.83
      5.29
      5.77
      6.26
      6.75
      7.49
      8.97
      10.5
      11.9
      13.4
      14.9
      16.4
      17.9
      19.3
      19.3
      17.9
      16.4
      14.9
      13.4
      11.9
      10.5
      8.98
       7.5
      6.76
      6.27
      5.78
      5.31
      4.85
      4.41
      3.99
       3.6
      3.23
       2.9
       2.6
      2.33
      2.08
      1.86
      1.67
       1.5
      1.36
      1.23
      1.13
      1.05
     0.984
     0.938
     0.911
     0.902
     0.911
     0.938
     0.984
      1.05
      1.13
      1.23
      1.36
       1.5
      1.67
      1.86
      2.08
      2.33
       2.6
       2.9
      3.23
       3.6
      3.99
      4.41
      4.85
      5.31
      5.78
      6.27
      6.76
       7.5
      8.98
      10.5
      11.9
      13.4
      14.9
      16.4
      17.9
      19.3
      19.3
      17.9
      16.4
      14.9
      13.4
        12
      10.5
      8.99
      7.51
      6.78
      6.29
       5.8
      5.32
      4.86
      4.42
      4.01
      3.62
      3.25
      2.92
      2.62
      2.35
       2.1
      1.89
      1.69
      1.53
      1.38
      1.26
      1.15
      1.07
      1.01
      0.96
     0.933
     0.924
     0.933
      0.96
      1.01
      1.07
      1.15
      1.26
      1.38
      1.53
      1.69
      1.89
       2.1
      2.35
      2.62
      2.92
      3.25
      3.62
      4.01
      4.42
      4.86
      5.32
       5.8
      6.29
      6.78
      7.51
      8.99
      10.5
        12
      13.4
      14.9
      16.4
      17.9
      19.3
      19.3
      17.9
      16.4
      14.9
      13.4
        12
      10.5
      9.01
      7.53
      6.79
       6.3
      5.82
      5.34
      4.88
      4.44
      4.03
      3.64
      3.28
      2.95
      2.64
      2.37
      2.13
      1.91
      1.72
      1.55
       1.4
      1.28
      1.18
      1.09
      1.03
     0.985
     0.958
     0.949
     0.958
     0.985
      1.03
      1.09
      1.18
      1.28
       1.4
      1.55
      1.72
      1.91
      2.13
      2.37
      2.64
      2.95
      3.28
      3.64
      4.03
      4.44
      4.88
      5.34
      5.82
       6.3
      6.79
      7.53
      9.01
      10.5
        12
      13.4
      14.9
      16.4
      17.9
      19.3
      19.3
      17.9
      16.4
      14.9
      13.4
        12
      10.5
      9.03
      7.55
      6.81
      6.33
      5.84
      5.37
      4.91
      4.47
      4.05
      3.66
       3.3
      2.97
      2.67
       2.4
      2.15
      1.94
      1.75
      1.58
      1.43
      1.31
      1.21
      1.12
      1.06
      1.01
     0.986
     0.977
     0.986
      1.01
      1.06
      1.12
      1.21
      1.31
      1.43
      1.58
      1.75
      1.94
      2.15
       2.4
      2.67
      2.97
       3.3
      3.66
      4.05
      4.47
      4.91
      5.37
      5.84
      6.33
      6.81
      7.55
      9.03
      10.5
        12
      13.4
      14.9
      16.4
      17.9
      19.3
      19.3
      17.9
      16.4
      14.9
      13.5
        12
      10.5
      9.05
      7.57
      6.84
      6.35
      5.87
      5.39
      4.94
       4.5
      4.08
      3.69
      3.33
         3
       2.7
      2.43
      2.19
      1.97
      1.78
      1.61
      1.46
      1.34
      1.24
      1.15
      1.09
      1.05
      1.02
      1.01
      1.02
      1.05
      1.09
      1.15
      1.24
      1.34
      1.46
      1.61
      1.78
      1.97
      2.19
      2.43
       2.7
         3
      3.33
      3.69
      4.08
       4.5
      4.94
      5.39
      5.87
      6.35
      6.84
      7.57
      9.05
      10.5
        12
      13.5
      14.9
      16.4
      17.9
      19.3
      19.3
      17.9
      16.4
      14.9
      13.5
        12
      10.5
      9.07
       7.6
      6.87
      6.38
       5.9
      5.42
      4.97
      4.53
      4.11
      3.72
      3.36
      3.03
      2.73
      2.46
      2.22
         2
      1.81
      1.64
       1.5
      1.38
      1.27
      1.19
      1.13
      1.08
      1.05
      1.05
      1.05
      1.08
      1.13
      1.19
      1.27
      1.38
       1.5
      1.64
      1.81
         2
      2.22
      2.46
      2.73
      3.03
      3.36
      3.72
      4.11
      4.53
      4.97
      5.42
       5.9
      6.38
      6.87
       7.6
      9.07
      10.5
        12
      13.5
      14.9
      16.4
      17.9
      19.3
      19.3
      17.9
      16.4
        15
      13.5
        12
      10.6
      9.09
      7.63
       6.9
      6.41
      5.93
      5.46
         5
      4.56
      4.15
      3.76
       3.4
      3.07
      2.77
       2.5
      2.26
      2.04
      1.85
      1.68
      1.54
      1.42
      1.31
      1.23
      1.17
      1.12
      1.09
      1.09
      1.09
      1.12
      1.17
      1.23
      1.31
      1.42
      1.54
      1.68
      1.85
      2.04
      2.26
       2.5
      2.77
      3.07
       3.4
      3.76
      4.15
      4.56
         5
      5.46
      5.93
      6.41
       6.9
      7.63
      9.09
      10.6
        12
      13.5
        15
      16.4
      17.9
      19.3
      19.3
      17.9
      16.4
        15
      13.5
        12
      10.6
      9.12
      7.66
      6.93
      6.45
      5.97
      5.49
      5.04
       4.6
      4.19
       3.8
      3.44
      3.11
      2.81
      2.54
       2.3
      2.08
      1.89
      1.73
      1.58
      1.46
      1.36
      1.27
      1.21
      1.17
      1.14
      1.13
      1.14
      1.17
      1.21
      1.27
      1.36
      1.46
      1.58
      1.73
      1.89
      2.08
       2.3
      2.54
      2.81
      3.11
      3.44
       3.8
      4.19
       4.6
      5.04
      5.49
      5.97
      6.45
      6.93
      7.66
      9.12
      10.6
        12
      13.5
        15
      16.4
      17.9
      19.3
      19.3
      17.9
      16.4
        15
      13.5
      12.1
      10.6
      9.16
       7.7
      6.97
      6.49
      6.01
      5.54
      5.08
      4.65
      4.23
      3.85
      3.49
      3.16
      2.86
      2.59
      2.35
      2.13
      1.94
      1.78
      1.63
      1.51
      1.41
      1.33
      1.26
      1.22
      1.19
      1.18
      1.19
      1.22
      1.26
      1.33
      1.41
      1.51
      1.63
      1.78
      1.94
      2.13
      2.35
      2.59
      2.86
      3.16
      3.49
      3.85
      4.23
      4.65
      5.08
      5.54
      6.01
      6.49
      6.97
       7.7
      9.16
      10.6
      12.1
      13.5
        15
      16.4
      17.9
      19.3
      19.3
      17.9
      16.4
        15
      13.5
      12.1
      10.6
      9.19
      7.74
      7.02
      6.53
      6.06
      5.59
      5.13
       4.7
      4.28
       3.9
      3.54
      3.21
      2.91
      2.64
       2.4
      2.19
         2
      1.83
      1.69
      1.57
      1.46
      1.38
      1.32
      1.27
      1.25
      1.24
      1.25
      1.27
      1.32
      1.38
      1.46
      1.57
      1.69
      1.83
         2
      2.19
       2.4
      2.64
      2.91
      3.21
      3.54
       3.9
      4.28
       4.7
      5.13
      5.59
      6.06
      6.53
      7.02
      7.74
      9.19
      10.6
      12.1
      13.5
        15
      16.4
      17.9
      19.3
      19.3
      17.9
      16.5
        15
      13.6
      12.1
      10.7
      9.24
      7.79
      7.07
      6.59
      6.11
      5.64
      5.19
      4.75
      4.34
      3.96
       3.6
      3.27
      2.97
       2.7
      2.46
      2.25
      2.06
      1.89
      1.75
      1.63
      1.53
      1.45
      1.39
      1.34
      1.31
      1.31
      1.31
      1.34
      1.39
      1.45
      1.53
      1.63
      1.75
      1.89
      2.06
      2.25
      2.46
       2.7
      2.97
      3.27
       3.6
      3.96
      4.34
      4.75
      5.19
      5.64
      6.11
      6.59
      7.07
      7.79
      9.24
      10.7
      12.1
      13.6
        15
      16.5
      17.9
      19.3
      19.3
      17.9
      16.5
        15
      13.6
      12.2
      10.7
       9.3
      7.86
      7.14
      6.66
      6.18
      5.71
      5.26
      4.82
      4.41
      4.03
      3.67
      3.34
      3.04
      2.78
      2.53
      2.32
      2.13
      1.97
      1.83
      1.71
      1.61
      1.52
      1.46
      1.42
      1.39
      1.38
      1.39
      1.42
      1.46
      1.52
      1.61
      1.71
      1.83
      1.97
      2.13
      2.32
      2.53
      2.78
      3.04
      3.34
      3.67
      4.03
      4.41
      4.82
      5.26
      5.71
      6.18
      6.66
      7.14
      7.86
       9.3
      10.7
      12.2
      13.6
        15
      16.5
      17.9
      19.3
      19.3
      17.9
      16.5
      15.1
      13.6
      12.2
      10.8
      9.36
      7.93
      7.21
      6.74
      6.26
      5.79
      5.34
       4.9
      4.49
      4.11
      3.75
      3.42
      3.13
      2.86
      2.62
      2.41
      2.22
      2.05
      1.91
      1.79
      1.69
      1.61
      1.55
      1.51
      1.48
      1.47
      1.48
      1.51
      1.55
      1.61
      1.69
      1.79
      1.91
      2.05
      2.22
      2.41
      2.62
      2.86
      3.13
      3.42
      3.75
      4.11
      4.49
       4.9
      5.34
      5.79
      6.26
      6.74
      7.21
      7.93
      9.36
      10.8
      12.2
      13.6
      15.1
      16.5
      17.9
      19.3
      19.3
      17.9
      16.5
      15.1
      13.7
      12.3
      10.9
      9.44
      8.02
      7.31
      6.83
      6.36
      5.89
      5.44
         5
      4.59
       4.2
      3.85
      3.52
      3.22
      2.96
      2.72
      2.51
      2.32
      2.16
      2.02
       1.9
       1.8
      1.72
      1.66
      1.62
      1.59
      1.58
      1.59
      1.62
      1.66
      1.72
       1.8
       1.9
      2.02
      2.16
      2.32
      2.51
      2.72
      2.96
      3.22
      3.52
      3.85
       4.2
      4.59
         5
      5.44
      5.89
      6.36
      6.83
      7.31
      8.02
      9.44
      10.9
      12.3
      13.7
      15.1
      16.5
      17.9
      19.3
      19.3
      17.9
      16.6
      15.2
      13.8
      12.4
        11
      9.55
      8.14
      7.43
      6.96
      6.48
      6.02
      5.56
      5.12
      4.71
      4.32
      3.97
      3.64
      3.34
      3.07
      2.84
      2.63
      2.44
      2.28
      2.14
      2.03
      1.93
      1.85
      1.79
      1.75
      1.73
      1.72
      1.73
      1.75
      1.79
      1.85
      1.93
      2.03
      2.14
      2.28
      2.44
      2.63
      2.84
      3.07
      3.34
      3.64
      3.97
      4.32
      4.71
      5.12
      5.56
      6.02
      6.48
      6.96
      7.43
      8.14
      9.55
        11
      12.4
      13.8
      15.2
      16.6
      17.9
      19.3
      19.3
        18
      16.6
      15.2
      13.8
      12.5
      11.1
      9.68
      8.28
      7.58
      7.11
      6.64
      6.17
      5.72
      5.28
      4.86
      4.47
      4.11
      3.78
      3.49
      3.22
      2.99
      2.78
       2.6
      2.44
       2.3
      2.19
      2.09
      2.02
      1.96
      1.92
       1.9
      1.89
       1.9
      1.92
      1.96
      2.02
      2.09
      2.19
       2.3
      2.44
       2.6
      2.78
      2.99
      3.22
      3.49
      3.78
      4.11
      4.47
      4.86
      5.28
      5.72
      6.17
      6.64
      7.11
      7.58
      8.28
      9.68
      11.1
      12.5
      13.8
      15.2
      16.6
        18
      19.3
      19.3
        18
      16.6
      15.3
      13.9
      12.6
      11.2
      9.85
      8.48
      7.79
      7.32
      6.85
      6.38
      5.92
      5.47
      5.05
      4.66
       4.3
      3.97
      3.67
      3.41
      3.18
      2.97
      2.79
      2.64
      2.51
       2.4
      2.31
      2.23
      2.18
      2.14
      2.12
      2.11
      2.12
      2.14
      2.18
      2.23
      2.31
       2.4
      2.51
      2.64
      2.79
      2.97
      3.18
      3.41
      3.67
      3.97
       4.3
      4.66
      5.05
      5.47
      5.92
      6.38
      6.85
      7.32
      7.79
      8.48
      9.85
      11.2
      12.6
      13.9
      15.3
      16.6
        18
      19.3
      19.3
        18
      16.7
      15.4
      14.1
      12.7
      11.4
      10.1
      8.74
      8.06
       7.6
      7.12
      6.65
      6.19
      5.74
      5.31
      4.92
      4.55
      4.22
      3.92
      3.66
      3.43
      3.23
      3.05
       2.9
      2.78
      2.67
      2.59
      2.52
      2.47
      2.43
      2.41
       2.4
      2.41
      2.43
      2.47
      2.52
      2.59
      2.67
      2.78
       2.9
      3.05
      3.23
      3.43
      3.66
      3.92
      4.22
      4.55
      4.92
      5.31
      5.74
      6.19
      6.65
      7.12
       7.6
      8.06
      8.74
      10.1
      11.4
      12.7
      14.1
      15.4
      16.7
        18
      19.3
      19.3
        18
      16.8
      15.5
      14.2
      12.9
      11.6
      10.4
      9.08
      8.43
      7.98
      7.51
      7.04
      6.57
      6.11
      5.67
      5.27
       4.9
      4.56
      4.27
         4
      3.78
      3.58
      3.42
      3.27
      3.16
      3.06
      2.98
      2.92
      2.87
      2.83
      2.82
      2.81
      2.82
      2.83
      2.87
      2.92
      2.98
      3.06
      3.16
      3.27
      3.42
      3.58
      3.78
         4
      4.27
      4.56
       4.9
      5.27
      5.67
      6.11
      6.57
      7.04
      7.51
      7.98
      8.43
      9.08
      10.4
      11.6
      12.9
      14.2
      15.5
      16.8
        18
      19.3
      19.3
      18.1
      16.8
      15.5
      14.3
      13.1
      11.9
      10.7
      9.53
      8.97
      8.55
      8.09
      7.61
      7.13
      6.66
      6.21
       5.8
      5.42
      5.08
      4.79
      4.53
      4.31
      4.12
      3.96
      3.83
      3.72
      3.63
      3.56
       3.5
      3.46
      3.43
      3.41
      3.41
      3.41
      3.43
      3.46
       3.5
      3.56
      3.63
      3.72
      3.83
      3.96
      4.12
      4.31
      4.53
      4.79
      5.08
      5.42
       5.8
      6.21
      6.66
      7.13
      7.61
      8.09
      8.55
      8.97
      9.53
      10.7
      11.9
      13.1
      14.3
      15.5
      16.8
      18.1
      19.3
      19.3
        18
      16.8
      15.5
      14.3
      13.1
        12
      10.9
      9.79
      9.27
      8.86
      8.42
      7.94
      7.45
      6.98
      6.52
       6.1
      5.72
      5.38
      5.09
      4.83
      4.62
      4.44
      4.29
      4.16
      4.06
      3.98
      3.91
      3.86
      3.82
       3.8
      3.78
      3.77
      3.78
       3.8
      3.82
      3.86
      3.91
      3.98
      4.06
      4.16
      4.29
      4.44
      4.62
      4.83
      5.09
      5.38
      5.72
       6.1
      6.52
      6.98
      7.45
      7.94
      8.42
      8.86
      9.27
      9.79
      10.9
        12
      13.1
      14.3
      15.5
      16.8
        18
      19.3
      19.3
      17.9
      16.5
      15.3
      14.1
        13
      11.9
      10.9
      9.88
       9.4
      9.02
      8.59
      8.12
      7.65
      7.17
      6.72
       6.3
      5.92
      5.59
      5.29
      5.04
      4.83
      4.65
      4.51
      4.39
      4.29
      4.21
      4.15
       4.1
      4.07
      4.04
      4.03
      4.03
      4.03
      4.04
      4.07
       4.1
      4.15
      4.21
      4.29
      4.39
      4.51
      4.65
      4.83
      5.04
      5.29
      5.59
      5.92
       6.3
      6.72
      7.17
      7.65
      8.12
      8.59
      9.02
       9.4
      9.88
      10.9
      11.9
        13
      14.1
      15.3
      16.5
      17.9
      19.3
      19.3
      17.3
      15.8
      14.5
      13.4
      12.4
      11.5
      10.6
      9.81
       9.4
      9.06
      8.66
      8.22
      7.77
      7.31
      6.87
      6.46
      6.09
      5.75
      5.46
      5.22
      5.01
      4.84
      4.69
      4.58
      4.48
      4.41
      4.35
       4.3
      4.27
      4.24
      4.23
      4.23
      4.23
      4.24
      4.27
       4.3
      4.35
      4.41
      4.48
      4.58
      4.69
      4.84
      5.01
      5.22
      5.46
      5.75
      6.09
      6.46
      6.87
      7.31
      7.77
      8.22
      8.66
      9.06
       9.4
      9.81
      10.6
      11.5
      12.4
      13.4
      14.5
      15.8
      17.3
      19.3
      13.5
      13.5
      13.2
      12.7
      12.1
      11.5
      10.9
      10.3
      9.62
      9.31
      9.03
      8.67
      8.27
      7.85
      7.41
      6.99
       6.6
      6.23
      5.91
      5.63
      5.38
      5.18
      5.01
      4.86
      4.75
      4.66
      4.58
      4.52
      4.48
      4.44
      4.42
      4.41
       4.4
      4.41
      4.42
      4.44
      4.48
      4.52
      4.58
      4.66
      4.75
      4.86
      5.01
      5.18
      5.38
      5.63
      5.91
      6.23
       6.6
      6.99
      7.41
      7.85
      8.27
      8.67
      9.03
      9.31
      9.62
      10.3
      10.9
      11.5
      12.1
      12.7
      13.2
      13.5
      13.5
      11.7
      11.7
      11.6
      11.4
      11.1
      10.7
      10.3
      9.87
      9.43
      9.21
      8.98
      8.67
      8.31
      7.91
      7.51
      7.11
      6.73
      6.38
      6.06
      5.79
      5.55
      5.35
      5.18
      5.04
      4.92
      4.83
      4.75
      4.69
      4.65
      4.62
      4.59
      4.58
      4.58
      4.58
      4.59
      4.62
      4.65
      4.69
      4.75
      4.83
      4.92
      5.04
      5.18
      5.35
      5.55
      5.79
      6.06
      6.38
      6.73
      7.11
      7.51
      7.91
      8.31
      8.67
      8.98
      9.21
      9.43
      9.87
      10.3
      10.7
      11.1
      11.4
      11.6
      11.7
      11.7
      10.7
      10.7
      10.7
      10.5
      10.3
      10.1
      9.86
      9.58
      9.28
      9.13
      8.94
      8.67
      8.35
      7.98
       7.6
      7.23
      6.86
      6.52
      6.22
      5.95
      5.71
      5.51
      5.35
      5.21
      5.09
         5
      4.92
      4.87
      4.82
      4.79
      4.77
      4.75
      4.75
      4.75
      4.77
      4.79
      4.82
      4.87
      4.92
         5
      5.09
      5.21
      5.35
      5.51
      5.71
      5.95
      6.22
      6.52
      6.86
      7.23
       7.6
      7.98
      8.35
      8.67
      8.94
      9.13
      9.28
      9.58
      9.86
      10.1
      10.3
      10.5
      10.7
      10.7
      10.7
      10.1
      10.1
      10.1
        10
      9.91
      9.76
      9.59
       9.4
       9.2
       9.1
      8.94
       8.7
       8.4
      8.07
      7.71
      7.35
         7
      6.67
      6.38
      6.11
      5.88
      5.69
      5.52
      5.38
      5.27
      5.17
       5.1
      5.04
      4.99
      4.96
      4.94
      4.92
      4.92
      4.92
      4.94
      4.96
      4.99
      5.04
       5.1
      5.17
      5.27
      5.38
      5.52
      5.69
      5.88
      6.11
      6.38
      6.67
         7
      7.35
      7.71
      8.07
       8.4
       8.7
      8.94
       9.1
       9.2
       9.4
      9.59
      9.76
      9.91
        10
      10.1
      10.1
      10.1
      9.81
      9.81
      9.78
      9.73
      9.66
      9.56
      9.45
      9.32
      9.18
      9.11
      8.98
      8.76
      8.48
      8.17
      7.83
      7.48
      7.14
      6.83
      6.54
      6.28
      6.05
      5.86
      5.69
      5.55
      5.44
      5.35
      5.27
      5.21
      5.17
      5.13
      5.11
       5.1
      5.09
       5.1
      5.11
      5.13
      5.17
      5.21
      5.27
      5.35
      5.44
      5.55
      5.69
      5.86
      6.05
      6.28
      6.54
      6.83
      7.14
      7.48
      7.83
      8.17
      8.48
      8.76
      8.98
      9.11
      9.18
      9.32
      9.45
      9.56
      9.66
      9.73
      9.78
      9.81
      9.81
      9.64
      9.64
      9.62
      9.59
      9.54
      9.47
       9.4
      9.31
      9.21
      9.17
      9.05
      8.85
      8.59
      8.28
      7.95
      7.62
      7.29
      6.98
       6.7
      6.45
      6.22
      6.03
      5.87
      5.73
      5.61
      5.52
      5.44
      5.39
      5.34
       5.3
      5.28
      5.27
      5.26
      5.27
      5.28
       5.3
      5.34
      5.39
      5.44
      5.52
      5.61
      5.73
      5.87
      6.03
      6.22
      6.45
       6.7
      6.98
      7.29
      7.62
      7.95
      8.28
      8.59
      8.85
      9.05
      9.17
      9.21
      9.31
       9.4
      9.47
      9.54
      9.59
      9.62
      9.64
      9.64
      9.58
      9.58
      9.57
      9.55
      9.51
      9.47
      9.41
      9.35
      9.29
      9.25
      9.14
      8.95
       8.7
      8.41
      8.09
      7.77
      7.45
      7.14
      6.87
      6.61
      6.39
       6.2
      6.04
       5.9
      5.79
      5.69
      5.62
      5.56
      5.51
      5.48
      5.45
      5.44
      5.43
      5.44
      5.45
      5.48
      5.51
      5.56
      5.62
      5.69
      5.79
       5.9
      6.04
       6.2
      6.39
      6.61
      6.87
      7.14
      7.45
      7.77
      8.09
      8.41
       8.7
      8.95
      9.14
      9.25
      9.29
      9.35
      9.41
      9.47
      9.51
      9.55
      9.57
      9.58
      9.58
       9.6
       9.6
      9.59
      9.57
      9.55
      9.52
      9.48
      9.43
      9.39
      9.36
      9.26
      9.08
      8.84
      8.55
      8.24
      7.92
      7.61
      7.31
      7.03
      6.79
      6.57
      6.38
      6.21
      6.08
      5.96
      5.87
      5.79
      5.73
      5.68
      5.65
      5.62
      5.61
       5.6
      5.61
      5.62
      5.65
      5.68
      5.73
      5.79
      5.87
      5.96
      6.08
      6.21
      6.38
      6.57
      6.79
      7.03
      7.31
      7.61
      7.92
      8.24
      8.55
      8.84
      9.08
      9.26
      9.36
      9.39
      9.43
      9.48
      9.52
      9.55
      9.57
      9.59
       9.6
       9.6
      9.67
      9.67
      9.66
      9.65
      9.63
      9.61
      9.58
      9.55
      9.51
       9.5
       9.4
      9.22
      8.99
      8.71
       8.4
      8.09
      7.77
      7.48
      7.21
      6.96
      6.74
      6.55
      6.39
      6.25
      6.13
      6.04
      5.96
       5.9
      5.85
      5.82
      5.79
      5.78
      5.77
      5.78
      5.79
      5.82
      5.85
       5.9
      5.96
      6.04
      6.13
      6.25
      6.39
      6.55
      6.74
      6.96
      7.21
      7.48
      7.77
      8.09
       8.4
      8.71
      8.99
      9.22
       9.4
       9.5
      9.51
      9.55
      9.58
      9.61
      9.63
      9.65
      9.66
      9.67
      9.67
      9.78
      9.78
      9.77
      9.76
      9.75
      9.73
      9.71
      9.68
      9.66
      9.65
      9.55
      9.38
      9.15
      8.87
      8.57
      8.26
      7.95
      7.65
      7.38
      7.13
      6.92
      6.73
      6.56
      6.42
      6.31
      6.21
      6.13
      6.07
      6.02
      5.98
      5.95
      5.94
      5.93
      5.94
      5.95
      5.98
      6.02
      6.07
      6.13
      6.21
      6.31
      6.42
      6.56
      6.73
      6.92
      7.13
      7.38
      7.65
      7.95
      8.26
      8.57
      8.87
      9.15
      9.38
      9.55
      9.65
      9.66
      9.68
      9.71
      9.73
      9.75
      9.76
      9.77
      9.78
      9.78
      9.92
      9.92
      9.91
      9.91
      9.89
      9.88
      9.86
      9.84
      9.82
      9.81
      9.72
      9.55
      9.32
      9.04
      8.74
      8.43
      8.13
      7.83
      7.56
      7.32
       7.1
       6.9
      6.74
       6.6
      6.48
      6.38
      6.29
      6.23
      6.17
      6.13
       6.1
      6.09
      6.08
      6.09
       6.1
      6.13
      6.17
      6.23
      6.29
      6.38
      6.48
       6.6
      6.74
       6.9
       7.1
      7.32
      7.56
      7.83
      8.13
      8.43
      8.74
      9.04
      9.32
      9.55
      9.72
      9.81
      9.82
      9.84
      9.86
      9.88
      9.89
      9.91
      9.91
      9.92
      9.92
      10.1
      10.1
      10.1
      10.1
      10.1
        10
        10
        10
      9.99
      9.98
      9.89
      9.73
       9.5
      9.23
      8.93
      8.62
      8.32
      8.03
      7.76
      7.51
      7.29
      7.09
      6.92
      6.77
      6.64
      6.54
      6.45
      6.37
      6.31
      6.26
      6.23
      6.21
      6.21
      6.21
      6.23
      6.26
      6.31
      6.37
      6.45
      6.54
      6.64
      6.77
      6.92
      7.09
      7.29
      7.51
      7.76
      8.03
      8.32
      8.62
      8.93
      9.23
       9.5
      9.73
      9.89
      9.98
      9.99
        10
        10
        10
      10.1
      10.1
      10.1
      10.1
      10.1
      10.3
      10.3
      10.3
      10.3
      10.2
      10.2
      10.2
      10.2
      10.2
      10.2
      10.1
      9.91
      9.69
      9.43
      9.14
      8.83
      8.54
      8.25
      7.98
      7.73
       7.5
       7.3
      7.11
      6.95
      6.81
      6.69
      6.58
      6.49
      6.41
      6.36
      6.32
      6.29
      6.28
      6.29
      6.32
      6.36
      6.41
      6.49
      6.58
      6.69
      6.81
      6.95
      7.11
       7.3
       7.5
      7.73
      7.98
      8.25
      8.54
      8.83
      9.14
      9.43
      9.69
      9.91
      10.1
      10.2
      10.2
      10.2
      10.2
      10.2
      10.2
      10.3
      10.3
      10.3
      10.3
