      6.38
      6.38
      6.38
      6.37
      6.36
      6.35
      6.33
      6.31
       6.3
      6.29
       6.2
      6.04
      5.82
      5.55
      5.26
      4.96
      4.66
      4.38
      4.11
      3.86
      3.63
      3.43
      3.25
      3.08
      2.94
      2.82
      2.71
      2.62
      2.55
      2.49
      2.45
      2.42
      2.42
      2.42
      2.45
      2.49
      2.55
      2.62
      2.71
      2.82
      2.94
      3.08
      3.25
      3.43
      3.63
      3.86
      4.11
      4.38
      4.66
      4.96
      5.26
      5.55
      5.82
      6.04
       6.2
      6.29
       6.3
      6.31
      6.33
      6.35
      6.36
      6.37
      6.38
      6.38
      6.38
      6.38
      6.38
      6.37
      6.37
      6.36
      6.34
      6.33
      6.31
      6.29
      6.29
       6.2
      6.03
      5.81
      5.54
      5.24
      4.94
      4.63
      4.34
      4.07
      3.83
       3.6
      3.41
      3.23
      3.08
      2.95
      2.84
      2.74
      2.66
       2.6
      2.55
      2.52
       2.5
      2.49
       2.5
      2.52
      2.55
       2.6
      2.66
      2.74
      2.84
      2.95
      3.08
      3.23
      3.41
       3.6
      3.83
      4.07
      4.34
      4.63
      4.94
      5.24
      5.54
      5.81
      6.03
       6.2
      6.29
      6.29
      6.31
      6.33
      6.34
      6.36
      6.37
      6.37
      6.38
      6.38
      6.38
      6.38
      6.38
      6.37
      6.36
      6.35
      6.33
      6.31
      6.29
      6.29
       6.2
      6.03
       5.8
      5.53
      5.23
      4.92
      4.62
      4.33
      4.05
      3.81
      3.59
      3.39
      3.22
      3.08
      2.96
      2.85
      2.76
      2.69
      2.64
      2.59
      2.56
      2.54
      2.54
      2.54
      2.56
      2.59
      2.64
      2.69
      2.76
      2.85
      2.96
      3.08
      3.22
      3.39
      3.59
      3.81
      4.05
      4.33
      4.62
      4.92
      5.23
      5.53
       5.8
      6.03
       6.2
      6.29
      6.29
      6.31
      6.33
      6.35
      6.36
      6.37
      6.38
      6.38
      6.38
       6.4
       6.4
       6.4
      6.39
      6.38
      6.36
      6.34
      6.32
       6.3
      6.29
       6.2
      6.03
       5.8
      5.53
      5.23
      4.92
      4.61
      4.32
      4.04
       3.8
      3.58
      3.39
      3.22
      3.08
      2.96
      2.86
      2.78
      2.71
      2.66
      2.62
      2.59
      2.57
      2.57
      2.57
      2.59
      2.62
      2.66
      2.71
      2.78
      2.86
      2.96
      3.08
      3.22
      3.39
      3.58
       3.8
      4.04
      4.32
      4.61
      4.92
      5.23
      5.53
       5.8
      6.03
       6.2
      6.29
       6.3
      6.32
      6.34
      6.36
      6.38
      6.39
       6.4
       6.4
       6.4
      6.43
      6.43
      6.42
      6.41
       6.4
      6.38
      6.36
      6.34
      6.31
       6.3
      6.21
      6.04
       5.8
      5.53
      5.23
      4.92
      4.61
      4.31
      4.04
      3.79
      3.58
      3.39
      3.22
      3.08
      2.96
      2.87
      2.79
      2.72
      2.67
      2.63
      2.61
      2.59
      2.59
      2.59
      2.61
      2.63
      2.67
      2.72
      2.79
      2.87
      2.96
      3.08
      3.22
      3.39
      3.58
      3.79
      4.04
      4.31
      4.61
      4.92
      5.23
      5.53
       5.8
      6.04
      6.21
       6.3
      6.31
      6.34
      6.36
      6.38
       6.4
      6.41
      6.42
      6.43
      6.43
      6.47
      6.47
      6.46
      6.45
      6.44
      6.42
      6.39
      6.36
      6.33
      6.32
      6.22
      6.05
      5.81
      5.54
      5.23
      4.92
      4.61
      4.31
      4.04
      3.79
      3.57
      3.38
      3.22
      3.08
      2.97
      2.87
      2.79
      2.73
      2.68
      2.65
      2.62
       2.6
       2.6
       2.6
      2.62
      2.65
      2.68
      2.73
      2.79
      2.87
      2.97
      3.08
      3.22
      3.38
      3.57
      3.79
      4.04
      4.31
      4.61
      4.92
      5.23
      5.54
      5.81
      6.05
      6.22
      6.32
      6.33
      6.36
      6.39
      6.42
      6.44
      6.45
      6.46
      6.47
      6.47
      6.53
      6.53
      6.52
      6.51
      6.49
      6.46
      6.43
       6.4
      6.36
      6.34
      6.24
      6.07
      5.83
      5.55
      5.24
      4.92
      4.61
      4.32
      4.04
      3.79
      3.58
      3.39
      3.22
      3.08
      2.97
      2.87
       2.8
      2.74
      2.69
      2.65
      2.63
      2.61
      2.61
      2.61
      2.63
      2.65
      2.69
      2.74
       2.8
      2.87
      2.97
      3.08
      3.22
      3.39
      3.58
      3.79
      4.04
      4.32
      4.61
      4.92
      5.24
      5.55
      5.83
      6.07
      6.24
      6.34
      6.36
       6.4
      6.43
      6.46
      6.49
      6.51
      6.52
      6.53
      6.53
       6.6
       6.6
       6.6
      6.58
      6.56
      6.52
      6.49
      6.44
       6.4
      6.37
      6.27
      6.09
      5.85
      5.56
      5.25
      4.93
      4.62
      4.32
      4.04
       3.8
      3.58
      3.39
      3.22
      3.09
      2.97
      2.88
       2.8
      2.74
      2.69
      2.66
      2.63
      2.62
      2.61
      2.62
      2.63
      2.66
      2.69
      2.74
       2.8
      2.88
      2.97
      3.09
      3.22
      3.39
      3.58
       3.8
      4.04
      4.32
      4.62
      4.93
      5.25
      5.56
      5.85
      6.09
      6.27
      6.37
       6.4
      6.44
      6.49
      6.52
      6.56
      6.58
       6.6
       6.6
       6.6
      6.71
      6.71
       6.7
      6.67
      6.64
       6.6
      6.56
       6.5
      6.44
      6.41
      6.31
      6.12
      5.87
      5.59
      5.27
      4.95
      4.63
      4.33
      4.05
       3.8
      3.58
      3.39
      3.22
      3.09
      2.97
      2.88
       2.8
      2.74
      2.69
      2.66
      2.64
      2.62
      2.62
      2.62
      2.64
      2.66
      2.69
      2.74
       2.8
      2.88
      2.97
      3.09
      3.22
      3.39
      3.58
       3.8
      4.05
      4.33
      4.63
      4.95
      5.27
      5.59
      5.87
      6.12
      6.31
      6.41
      6.44
       6.5
      6.56
       6.6
      6.64
      6.67
       6.7
      6.71
      6.71
      6.84
      6.84
      6.82
       6.8
      6.76
      6.71
      6.65
      6.58
       6.5
      6.47
      6.35
      6.16
      5.91
      5.61
      5.29
      4.96
      4.64
      4.33
      4.05
       3.8
      3.58
      3.39
      3.22
      3.09
      2.97
      2.88
       2.8
      2.74
       2.7
      2.66
      2.64
      2.62
      2.62
      2.62
      2.64
      2.66
       2.7
      2.74
       2.8
      2.88
      2.97
      3.09
      3.22
      3.39
      3.58
       3.8
      4.05
      4.33
      4.64
      4.96
      5.29
      5.61
      5.91
      6.16
      6.35
      6.47
       6.5
      6.58
      6.65
      6.71
      6.76
       6.8
      6.82
      6.84
      6.84
      7.01
      7.01
      6.99
      6.96
      6.91
      6.84
      6.76
      6.67
      6.58
      6.53
      6.41
      6.21
      5.95
      5.64
      5.32
      4.98
      4.65
      4.34
      4.06
      3.81
      3.58
      3.39
      3.22
      3.09
      2.97
      2.88
       2.8
      2.74
       2.7
      2.66
      2.64
      2.62
      2.62
      2.62
      2.64
      2.66
       2.7
      2.74
       2.8
      2.88
      2.97
      3.09
      3.22
      3.39
      3.58
      3.81
      4.06
      4.34
      4.65
      4.98
      5.32
      5.64
      5.95
      6.21
      6.41
      6.53
      6.58
      6.67
      6.76
      6.84
      6.91
      6.96
      6.99
      7.01
      7.01
      7.23
      7.23
      7.21
      7.16
       7.1
      7.01
      6.91
       6.8
      6.67
      6.61
      6.48
      6.27
         6
      5.68
      5.35
         5
      4.67
      4.35
      4.07
      3.81
      3.58
      3.39
      3.22
      3.08
      2.97
      2.88
       2.8
      2.74
      2.69
      2.66
      2.64
      2.62
      2.62
      2.62
      2.64
      2.66
      2.69
      2.74
       2.8
      2.88
      2.97
      3.08
      3.22
      3.39
      3.58
      3.81
      4.07
      4.35
      4.67
         5
      5.35
      5.68
         6
      6.27
      6.48
      6.61
      6.67
       6.8
      6.91
      7.01
       7.1
      7.16
      7.21
      7.23
      7.23
      7.52
      7.52
      7.49
      7.43
      7.34
      7.23
       7.1
      6.95
      6.79
      6.71
      6.56
      6.34
      6.05
      5.73
      5.38
      5.03
      4.69
      4.37
      4.07
      3.81
      3.58
      3.39
      3.22
      3.08
      2.97
      2.87
       2.8
      2.74
      2.69
      2.66
      2.64
      2.62
      2.62
      2.62
      2.64
      2.66
      2.69
      2.74
       2.8
      2.87
      2.97
      3.08
      3.22
      3.39
      3.58
      3.81
      4.07
      4.37
      4.69
      5.03
      5.38
      5.73
      6.05
      6.34
      6.56
      6.71
      6.79
      6.95
       7.1
      7.23
      7.34
      7.43
      7.49
      7.52
      7.52
       7.9
       7.9
      7.86
      7.78
      7.66
      7.51
      7.34
      7.14
      6.93
      6.82
      6.66
      6.42
      6.12
      5.78
      5.42
      5.06
      4.71
      4.38
      4.08
      3.82
      3.58
      3.39
      3.22
      3.08
      2.96
      2.87
      2.79
      2.74
      2.69
      2.66
      2.63
      2.62
      2.61
      2.62
      2.63
      2.66
      2.69
      2.74
      2.79
      2.87
      2.96
      3.08
      3.22
      3.39
      3.58
      3.82
      4.08
      4.38
      4.71
      5.06
      5.42
      5.78
      6.12
      6.42
      6.66
      6.82
      6.93
      7.14
      7.34
      7.51
      7.66
      7.78
      7.86
       7.9
       7.9
       8.4
       8.4
      8.34
      8.23
      8.07
      7.87
      7.64
      7.38
       7.1
      6.96
      6.78
      6.52
       6.2
      5.84
      5.46
      5.09
      4.73
      4.39
      4.09
      3.82
      3.58
      3.38
      3.22
      3.07
      2.96
      2.87
      2.79
      2.73
      2.69
      2.65
      2.63
      2.61
      2.61
      2.61
      2.63
      2.65
      2.69
      2.73
      2.79
      2.87
      2.96
      3.07
      3.22
      3.38
      3.58
      3.82
      4.09
      4.39
      4.73
      5.09
      5.46
      5.84
       6.2
      6.52
      6.78
      6.96
       7.1
      7.38
      7.64
      7.87
      8.07
      8.23
      8.34
       8.4
       8.4
      9.06
      9.06
      8.98
      8.82
       8.6
      8.32
      8.01
      7.66
       7.3
      7.12
      6.91
      6.62
      6.28
       5.9
      5.51
      5.12
      4.75
       4.4
      4.09
      3.82
      3.58
      3.38
      3.21
      3.07
      2.95
      2.86
      2.78
      2.72
      2.68
      2.65
      2.62
      2.61
       2.6
      2.61
      2.62
      2.65
      2.68
      2.72
      2.78
      2.86
      2.95
      3.07
      3.21
      3.38
      3.58
      3.82
      4.09
       4.4
      4.75
      5.12
      5.51
       5.9
      6.28
      6.62
      6.91
      7.12
       7.3
      7.66
      8.01
      8.32
       8.6
      8.82
      8.98
      9.06
      9.06
      9.96
      9.96
      9.83
       9.6
      9.27
      8.89
      8.46
      8.01
      7.54
       7.3
      7.06
      6.74
      6.37
      5.97
      5.56
      5.15
      4.77
      4.42
       4.1
      3.82
      3.58
      3.37
       3.2
      3.06
      2.94
      2.85
      2.77
      2.72
      2.67
      2.64
      2.61
       2.6
       2.6
       2.6
      2.61
      2.64
      2.67
      2.72
      2.77
      2.85
      2.94
      3.06
       3.2
      3.37
      3.58
      3.82
       4.1
      4.42
      4.77
      5.15
      5.56
      5.97
      6.37
      6.74
      7.06
       7.3
      7.54
      8.01
      8.46
      8.89
      9.27
       9.6
      9.83
      9.96
      9.96
      11.2
      11.2
        11
      10.6
      10.1
      9.58
         9
       8.4
      7.79
      7.49
      7.21
      6.86
      6.46
      6.04
      5.61
      5.18
      4.79
      4.43
       4.1
      3.82
      3.57
      3.37
      3.19
      3.05
      2.93
      2.84
      2.76
       2.7
      2.66
      2.62
       2.6
      2.59
      2.58
      2.59
       2.6
      2.62
      2.66
       2.7
      2.76
      2.84
      2.93
      3.05
      3.19
      3.37
      3.57
      3.82
       4.1
      4.43
      4.79
      5.18
      5.61
      6.04
      6.46
      6.86
      7.21
      7.49
      7.79
       8.4
         9
      9.58
      10.1
      10.6
        11
      11.2
      11.2
      13.2
      13.2
      12.6
      11.9
      11.2
      10.4
      9.59
      8.82
      8.05
      7.68
      7.35
      6.97
      6.54
       6.1
      5.65
      5.21
       4.8
      4.43
       4.1
      3.81
      3.56
      3.35
      3.18
      3.04
      2.92
      2.82
      2.75
      2.69
      2.64
       2.6
      2.58
      2.57
      2.56
      2.57
      2.58
       2.6
      2.64
      2.69
      2.75
      2.82
      2.92
      3.04
      3.18
      3.35
      3.56
      3.81
       4.1
      4.43
       4.8
      5.21
      5.65
       6.1
      6.54
      6.97
      7.35
      7.68
      8.05
      8.82
      9.59
      10.4
      11.2
      11.9
      12.6
      13.2
      13.2
      19.3
      16.6
      14.8
      13.4
      12.2
      11.2
      10.2
      9.21
      8.29
      7.84
      7.48
      7.06
      6.61
      6.14
      5.67
      5.22
      4.81
      4.43
      4.09
       3.8
      3.55
      3.34
      3.16
      3.01
      2.89
       2.8
      2.72
      2.66
      2.61
      2.57
      2.55
      2.54
      2.53
      2.54
      2.55
      2.57
      2.61
      2.66
      2.72
       2.8
      2.89
      3.01
      3.16
      3.34
      3.55
       3.8
      4.09
      4.43
      4.81
      5.22
      5.67
      6.14
      6.61
      7.06
      7.48
      7.84
      8.29
      9.21
      10.2
      11.2
      12.2
      13.4
      14.8
      16.6
      19.3
      19.3
      17.5
      15.8
      14.3
        13
      11.7
      10.6
      9.51
      8.46
      7.95
      7.56
      7.11
      6.64
      6.15
      5.67
      5.22
      4.79
      4.41
      4.07
      3.77
      3.52
      3.31
      3.13
      2.98
      2.86
      2.76
      2.68
      2.61
      2.56
      2.53
       2.5
      2.49
      2.48
      2.49
       2.5
      2.53
      2.56
      2.61
      2.68
      2.76
      2.86
      2.98
      3.13
      3.31
      3.52
      3.77
      4.07
      4.41
      4.79
      5.22
      5.67
      6.15
      6.64
      7.11
      7.56
      7.95
      8.46
      9.51
      10.6
      11.7
        13
      14.3
      15.8
      17.5
      19.3
      19.3
      17.7
      16.2
      14.8
      13.4
      12.1
      10.9
      9.68
      8.54
      7.99
      7.57
      7.11
      6.62
      6.13
      5.64
      5.18
      4.75
      4.37
      4.02
      3.73
      3.47
      3.25
      3.07
      2.92
      2.79
      2.69
       2.6
      2.54
      2.49
      2.45
      2.42
      2.41
       2.4
      2.41
      2.42
      2.45
      2.49
      2.54
       2.6
      2.69
      2.79
      2.92
      3.07
      3.25
      3.47
      3.73
      4.02
      4.37
      4.75
      5.18
      5.64
      6.13
      6.62
      7.11
      7.57
      7.99
      8.54
      9.68
      10.9
      12.1
      13.4
      14.8
      16.2
      17.7
      19.3
      19.3
      17.9
      16.4
        15
      13.6
      12.3
        11
      9.74
      8.53
      7.95
      7.51
      7.04
      6.54
      6.04
      5.56
       5.1
      4.67
      4.28
      3.94
      3.64
      3.38
      3.16
      2.97
      2.81
      2.68
      2.57
      2.49
      2.42
      2.36
      2.32
      2.29
      2.28
      2.27
      2.28
      2.29
      2.32
      2.36
      2.42
      2.49
      2.57
      2.68
      2.81
      2.97
      3.16
      3.38
      3.64
      3.94
      4.28
      4.67
       5.1
      5.56
      6.04
      6.54
      7.04
      7.51
      7.95
      8.53
      9.74
        11
      12.3
      13.6
        15
      16.4
      17.9
      19.3
      19.3
      17.9
      16.5
      15.1
      13.7
      12.3
        11
       9.7
      8.42
       7.8
      7.35
      6.87
      6.37
      5.87
      5.39
      4.93
      4.51
      4.12
      3.78
      3.48
      3.22
      2.99
       2.8
      2.63
       2.5
      2.38
      2.29
      2.22
      2.16
      2.11
      2.08
      2.06
      2.06
      2.06
      2.08
      2.11
      2.16
      2.22
      2.29
      2.38
       2.5
      2.63
       2.8
      2.99
      3.22
      3.48
      3.78
      4.12
      4.51
      4.93
      5.39
      5.87
      6.37
      6.87
      7.35
       7.8
      8.42
       9.7
        11
      12.3
      13.7
      15.1
      16.5
      17.9
      19.3
      19.3
      17.9
      16.5
      15.1
      13.7
      12.3
      10.9
      9.57
      8.21
      7.53
      7.05
      6.56
      6.06
      5.57
      5.09
      4.64
      4.22
      3.84
       3.5
       3.2
      2.93
       2.7
       2.5
      2.33
      2.19
      2.07
      1.97
      1.89
      1.83
      1.78
      1.75
      1.73
      1.72
      1.73
      1.75
      1.78
      1.83
      1.89
      1.97
      2.07
      2.19
      2.33
       2.5
       2.7
      2.93
       3.2
       3.5
      3.84
      4.22
      4.64
      5.09
      5.57
      6.06
      6.56
      7.05
      7.53
      8.21
      9.57
      10.9
      12.3
      13.7
      15.1
      16.5
      17.9
      19.3
      19.3
      17.9
      16.5
      15.1
      13.7
      12.3
      10.8
      9.44
      8.03
      7.32
      6.83
      6.34
      5.84
      5.36
      4.89
      4.44
      4.03
      3.65
      3.31
      3.01
      2.74
       2.5
       2.3
      2.13
      1.98
      1.85
      1.75
      1.66
       1.6
      1.54
      1.51
      1.49
      1.48
      1.49
      1.51
      1.54
       1.6
      1.66
      1.75
      1.85
      1.98
      2.13
       2.3
       2.5
      2.74
      3.01
      3.31
      3.65
      4.03
      4.44
      4.89
      5.36
      5.84
      6.34
      6.83
      7.32
      8.03
      9.44
      10.8
      12.3
      13.7
      15.1
      16.5
      17.9
      19.3
      19.3
      17.9
      16.5
        15
      13.6
      12.2
      10.8
      9.33
      7.89
      7.17
      6.68
      6.18
      5.69
       5.2
      4.74
       4.3
      3.89
      3.52
      3.18
      2.87
       2.6
      2.36
      2.16
      1.98
      1.82
      1.69
      1.59
       1.5
      1.43
      1.37
      1.33
      1.31
       1.3
      1.31
      1.33
      1.37
      1.43
       1.5
      1.59
      1.69
      1.82
      1.98
      2.16
      2.36
       2.6
      2.87
      3.18
      3.52
      3.89
       4.3
      4.74
       5.2
      5.69
      6.18
      6.68
      7.17
      7.89
      9.33
      10.8
      12.2
      13.6
        15
      16.5
      17.9
      19.3
      19.3
      17.9
      16.5
        15
      13.6
      12.1
      10.7
      9.24
      7.78
      7.05
      6.56
      6.06
      5.57
      5.09
      4.63
       4.2
      3.79
      3.42
      3.08
      2.77
       2.5
      2.26
      2.05
      1.87
      1.71
      1.58
      1.47
      1.38
       1.3
      1.24
      1.21
      1.18
      1.17
      1.18
      1.21
      1.24
       1.3
      1.38
      1.47
      1.58
      1.71
      1.87
      2.05
      2.26
       2.5
      2.77
      3.08
      3.42
      3.79
       4.2
      4.63
      5.09
      5.57
      6.06
      6.56
      7.05
      7.78
      9.24
      10.7
      12.1
      13.6
        15
      16.5
      17.9
      19.3
      19.3
      17.9
      16.4
        15
      13.5
      12.1
      10.6
      9.16
       7.7
      6.96
      6.47
      5.97
      5.48
      5.01
      4.55
      4.12
      3.72
      3.35
      3.01
       2.7
      2.43
      2.19
      1.98
      1.79
      1.63
       1.5
      1.38
      1.29
      1.21
      1.15
      1.11
      1.09
      1.08
      1.09
      1.11
      1.15
      1.21
      1.29
      1.38
       1.5
      1.63
      1.79
      1.98
      2.19
      2.43
       2.7
      3.01
      3.35
      3.72
      4.12
      4.55
      5.01
      5.48
      5.97
      6.47
      6.96
       7.7
      9.16
      10.6
      12.1
      13.5
        15
      16.4
      17.9
      19.3
      19.3
      17.9
      16.4
        15
      13.5
        12
      10.6
      9.11
      7.63
      6.89
       6.4
      5.91
      5.42
      4.95
      4.49
      4.06
      3.66
      3.29
      2.96
      2.65
      2.38
      2.14
      1.92
      1.74
      1.57
      1.43
      1.32
      1.22
      1.14
      1.08
      1.04
      1.01
      1.01
      1.01
      1.04
      1.08
      1.14
      1.22
      1.32
      1.43
      1.57
      1.74
      1.92
      2.14
      2.38
      2.65
      2.96
      3.29
      3.66
      4.06
      4.49
      4.95
      5.42
      5.91
       6.4
      6.89
      7.63
      9.11
      10.6
        12
      13.5
        15
      16.4
      17.9
      19.3
      19.3
      17.9
      16.4
      14.9
      13.5
        12
      10.5
      9.06
      7.58
      6.84
      6.35
      5.86
      5.37
       4.9
      4.45
      4.02
      3.62
      3.26
      2.92
      2.61
      2.34
       2.1
      1.88
      1.69
      1.53
      1.39
      1.27
      1.17
      1.09
      1.03
     0.988
     0.962
     0.954
     0.962
     0.988
      1.03
      1.09
      1.17
      1.27
      1.39
      1.53
      1.69
      1.88
       2.1
      2.34
      2.61
      2.92
      3.26
      3.62
      4.02
      4.45
       4.9
      5.37
      5.86
      6.35
      6.84
      7.58
      9.06
      10.5
        12
      13.5
      14.9
      16.4
      17.9
      19.3
      19.3
      17.9
      16.4
      14.9
      13.5
        12
      10.5
      9.03
      7.55
      6.81
      6.31
      5.82
      5.34
      4.87
      4.42
      3.99
       3.6
      3.23
      2.89
      2.59
      2.31
      2.07
      1.85
      1.66
       1.5
      1.36
      1.24
      1.14
      1.06
     0.994
      0.95
     0.924
     0.916
     0.924
      0.95
     0.994
      1.06
      1.14
      1.24
      1.36
       1.5
      1.66
      1.85
      2.07
      2.31
      2.59
      2.89
      3.23
       3.6
      3.99
      4.42
      4.87
      5.34
      5.82
      6.31
      6.81
      7.55
      9.03
      10.5
        12
      13.5
      14.9
      16.4
      17.9
      19.3
      19.3
      17.9
      16.4
      14.9
      13.4
        12
      10.5
         9
      7.52
      6.78
      6.28
      5.79
      5.31
      4.84
       4.4
      3.97
      3.58
      3.21
      2.87
      2.57
       2.3
      2.05
      1.83
      1.64
      1.48
      1.33
      1.21
      1.11
      1.03
     0.968
     0.924
     0.898
     0.889
     0.898
     0.924
     0.968
      1.03
      1.11
      1.21
      1.33
      1.48
      1.64
      1.83
      2.05
       2.3
      2.57
      2.87
      3.21
      3.58
      3.97
       4.4
      4.84
      5.31
      5.79
      6.28
      6.78
      7.52
         9
      10.5
        12
      13.4
      14.9
      16.4
      17.9
      19.3
      19.3
      17.9
      16.4
      14.9
      13.4
      11.9
      10.5
      8.99
       7.5
      6.76
      6.26
      5.77
      5.29
      4.83
      4.38
      3.96
      3.56
       3.2
      2.86
      2.56
      2.28
      2.04
      1.82
      1.63
      1.46
      1.32
       1.2
       1.1
      1.01
     0.951
     0.906
     0.879
     0.871
     0.879
     0.906
     0.951
      1.01
       1.1
       1.2
      1.32
      1.46
      1.63
      1.82
      2.04
      2.28
      2.56
      2.86
       3.2
      3.56
      3.96
      4.38
      4.83
      5.29
      5.77
      6.26
      6.76
       7.5
      8.99
      10.5
      11.9
      13.4
      14.9
      16.4
      17.9
      19.3
      19.3
      17.9
      16.4
      14.9
      13.4
      11.9
      10.5
      8.97
      7.49
      6.75
      6.25
      5.76
      5.28
      4.82
      4.37
      3.95
      3.55
      3.19
      2.85
      2.55
      2.28
      2.03
      1.81
      1.62
      1.45
      1.31
      1.19
      1.09
         1
      0.94
     0.895
     0.868
     0.859
     0.868
     0.895
      0.94
         1
      1.09
      1.19
      1.31
      1.45
      1.62
      1.81
      2.03
      2.28
      2.55
      2.85
      3.19
      3.55
      3.95
      4.37
      4.82
      5.28
      5.76
      6.25
      6.75
      7.49
      8.97
      10.5
      11.9
      13.4
      14.9
      16.4
      17.9
      19.3
      19.3
      17.9
      16.4
      14.9
      13.4
      11.9
      10.4
      8.96
      7.48
      6.74
      6.24
      5.75
      5.27
      4.81
      4.36
      3.94
      3.55
      3.19
      2.85
      2.55
      2.27
      2.03
      1.81
      1.62
      1.45
      1.31
      1.18
      1.08
     0.997
     0.934
     0.889
     0.862
     0.853
     0.862
     0.889
     0.934
     0.997
      1.08
      1.18
      1.31
      1.45
      1.62
      1.81
      2.03
      2.27
      2.55
      2.85
      3.19
      3.55
      3.94
      4.36
      4.81
      5.27
      5.75
      6.24
      6.74
      7.48
      8.96
      10.4
      11.9
      13.4
      14.9
      16.4
      17.9
      19.3
      19.3
      17.9
      16.4
      14.9
      13.4
      11.9
      10.4
      8.96
      7.47
      6.73
      6.24
      5.75
      5.27
      4.81
      4.36
      3.94
      3.55
      3.18
      2.85
      2.55
      2.27
      2.03
      1.81
      1.62
      1.45
      1.31
      1.18
      1.08
     0.996
     0.932
     0.887
      0.86
     0.851
      0.86
     0.887
     0.932
     0.996
      1.08
      1.18
      1.31
      1.45
      1.62
      1.81
      2.03
      2.27
      2.55
      2.85
      3.18
      3.55
      3.94
      4.36
      4.81
      5.27
      5.75
      6.24
      6.73
      7.47
      8.96
      10.4
      11.9
      13.4
      14.9
      16.4
      17.9
      19.3
      19.3
      17.9
      16.4
      14.9
      13.4
      11.9
      10.4
      8.96
      7.47
      6.73
      6.24
      5.75
      5.27
      4.81
      4.36
      3.94
      3.55
      3.19
      2.85
      2.55
      2.28
      2.03
      1.81
      1.62
      1.45
      1.31
      1.18
      1.08
     0.998
     0.934
     0.888
     0.861
     0.852
     0.861
     0.888
     0.934
     0.998
      1.08
      1.18
      1.31
      1.45
      1.62
      1.81
      2.03
      2.28
      2.55
      2.85
      3.19
      3.55
      3.94
      4.36
      4.81
      5.27
      5.75
      6.24
      6.73
      7.47
      8.96
      10.4
      11.9
      13.4
      14.9
      16.4
      17.9
      19.3
      19.3
      17.9
      16.4
      14.9
      13.4
      11.9
      10.4
      8.96
      7.47
      6.73
      6.24
      5.75
      5.27
      4.81
      4.37
      3.95
      3.56
      3.19
      2.86
      2.56
      2.28
      2.04
      1.82
      1.63
      1.46
      1.31
      1.19
      1.09
         1
     0.938
     0.893
     0.866
     0.857
     0.866
     0.893
     0.938
         1
      1.09
      1.19
      1.31
      1.46
      1.63
      1.82
      2.04
      2.28
      2.56
      2.86
      3.19
      3.56
      3.95
      4.37
      4.81
      5.27
      5.75
      6.24
      6.73
      7.47
      8.96
      10.4
      11.9
      13.4
      14.9
      16.4
      17.9
      19.3
      19.3
      17.9
      16.4
      14.9
      13.4
      11.9
      10.4
      8.96
      7.48
      6.74
      6.24
      5.76
      5.28
      4.82
      4.37
      3.95
      3.56
       3.2
      2.87
      2.56
      2.29
      2.04
      1.83
      1.63
      1.47
      1.32
       1.2
      1.09
      1.01
     0.945
       0.9
     0.873
     0.864
     0.873
       0.9
     0.945
      1.01
      1.09
       1.2
      1.32
      1.47
      1.63
      1.83
      2.04
      2.29
      2.56
      2.87
       3.2
      3.56
      3.95
      4.37
      4.82
      5.28
      5.76
      6.24
      6.74
      7.48
      8.96
      10.4
      11.9
      13.4
      14.9
      16.4
      17.9
      19.3
      19.3
      17.9
      16.4
      14.9
      13.4
      11.9
      10.4
      8.96
      7.48
      6.74
      6.25
      5.76
      5.28
      4.82
      4.38
      3.96
      3.57
      3.21
      2.87
      2.57
       2.3
      2.05
      1.84
      1.64
      1.47
      1.33
      1.21
       1.1
      1.02
     0.954
     0.909
     0.882
     0.873
     0.882
     0.909
     0.954
      1.02
       1.1
      1.21
      1.33
      1.47
      1.64
      1.84
      2.05
       2.3
      2.57
      2.87
      3.21
      3.57
      3.96
      4.38
      4.82
      5.28
      5.76
      6.25
      6.74
      7.48
      8.96
      10.4
      11.9
      13.4
      14.9
      16.4
      17.9
      19.3
      19.3
      17.9
      16.4
      14.9
      13.4
      11.9
      10.5
      8.97
      7.49
      6.75
      6.26
      5.77
      5.29
      4.83
      4.39
      3.97
      3.58
      3.22
      2.88
      2.58
      2.31
      2.06
      1.85
      1.65
      1.49
      1.34
      1.22
      1.11
      1.03
     0.965
      0.92
     0.892
     0.883
     0.892
      0.92
     0.965
      1.03
      1.11
      1.22
      1.34
      1.49
      1.65
      1.85
      2.06
      2.31
      2.58
      2.88
      3.22
      3.58
      3.97
      4.39
      4.83
      5.29
      5.77
      6.26
      6.75
      7.49
      8.97
      10.5
      11.9
      13.4
      14.9
      16.4
      17.9
      19.3
      19.3
      17.9
      16.4
      14.9
      13.4
      11.9
      10.5
      8.98
       7.5
      6.76
      6.26
      5.78
       5.3
      4.84
       4.4
      3.98
      3.59
      3.23
       2.9
      2.59
      2.32
      2.08
      1.86
      1.67
       1.5
      1.35
      1.23
      1.13
      1.04
     0.978
     0.932
     0.905
     0.896
     0.905
     0.932
     0.978
      1.04
      1.13
      1.23
      1.35
       1.5
      1.67
      1.86
      2.08
      2.32
      2.59
       2.9
      3.23
      3.59
      3.98
       4.4
      4.84
       5.3
      5.78
      6.26
      6.76
       7.5
      8.98
      10.5
      11.9
      13.4
      14.9
      16.4
      17.9
      19.3
      19.3
      17.9
      16.4
      14.9
      13.4
      11.9
      10.5
      8.98
       7.5
      6.77
      6.27
      5.79
      5.31
      4.85
      4.41
      3.99
       3.6
      3.24
      2.91
      2.61
      2.33
      2.09
      1.87
      1.68
      1.51
      1.37
      1.24
      1.14
      1.06
     0.992
     0.946
     0.919
      0.91
     0.919
     0.946
     0.992
      1.06
      1.14
      1.24
      1.37
      1.51
      1.68
      1.87
      2.09
      2.33
      2.61
      2.91
      3.24
       3.6
      3.99
      4.41
      4.85
      5.31
      5.79
      6.27
      6.77
       7.5
      8.98
      10.5
      11.9
      13.4
      14.9
      16.4
      17.9
      19.3
      19.3
      17.9
      16.4
      14.9
      13.4
        12
      10.5
      8.99
      7.52
      6.78
      6.29
       5.8
      5.33
      4.86
      4.42
      4.01
      3.62
      3.26
      2.92
      2.62
      2.35
      2.11
      1.89
       1.7
      1.53
      1.38
      1.26
      1.15
      1.07
      1.01
     0.962
     0.934
     0.925
     0.934
     0.962
      1.01
      1.07
      1.15
      1.26
      1.38
      1.53
       1.7
      1.89
      2.11
      2.35
      2.62
      2.92
      3.26
      3.62
      4.01
      4.42
      4.86
      5.33
       5.8
      6.29
      6.78
      7.52
      8.99
      10.5
        12
      13.4
      14.9
      16.4
      17.9
      19.3
      19.3
      17.9
      16.4
      14.9
      13.4
        12
      10.5
         9
      7.53
      6.79
       6.3
      5.81
      5.34
      4.88
      4.44
      4.02
      3.63
      3.27
      2.94
      2.64
      2.37
      2.12
       1.9
      1.71
      1.54
       1.4
      1.27
      1.17
      1.09
      1.02
     0.979
     0.951
     0.942
     0.951
     0.979
      1.02
      1.09
      1.17
      1.27
       1.4
      1.54
      1.71
       1.9
      2.12
      2.37
      2.64
      2.94
      3.27
      3.63
      4.02
      4.44
      4.88
      5.34
      5.81
       6.3
      6.79
      7.53
         9
      10.5
        12
      13.4
      14.9
      16.4
      17.9
      19.3
      19.3
      17.9
      16.4
      14.9
      13.4
        12
      10.5
      9.01
      7.54
       6.8
      6.31
      5.83
      5.35
      4.89
      4.45
      4.04
      3.65
      3.29
      2.96
      2.66
      2.38
      2.14
      1.92
      1.73
      1.56
      1.42
      1.29
      1.19
      1.11
      1.04
     0.997
      0.97
     0.961
      0.97
     0.997
      1.04
      1.11
      1.19
      1.29
      1.42
      1.56
      1.73
      1.92
      2.14
      2.38
      2.66
      2.96
      3.29
      3.65
      4.04
      4.45
      4.89
      5.35
      5.83
      6.31
       6.8
      7.54
      9.01
      10.5
        12
      13.4
      14.9
      16.4
      17.9
      19.3
      19.3
      17.9
      16.4
      14.9
      13.4
        12
      10.5
      9.03
      7.55
      6.82
      6.33
      5.84
      5.37
      4.91
      4.47
      4.06
      3.67
      3.31
      2.98
      2.67
       2.4
      2.16
      1.94
      1.75
      1.58
      1.44
      1.31
      1.21
      1.13
      1.06
      1.02
      0.99
     0.981
      0.99
      1.02
      1.06
      1.13
      1.21
      1.31
      1.44
      1.58
      1.75
      1.94
      2.16
       2.4
      2.67
      2.98
      3.31
      3.67
      4.06
      4.47
      4.91
      5.37
      5.84
      6.33
      6.82
      7.55
      9.03
      10.5
        12
      13.4
      14.9
      16.4
      17.9
      19.3
      19.3
      17.9
      16.4
      14.9
      13.5
        12
      10.5
      9.04
      7.57
      6.83
      6.34
      5.86
      5.39
      4.93
      4.49
      4.07
      3.69
      3.33
         3
      2.69
      2.42
      2.18
      1.96
      1.77
       1.6
      1.46
      1.33
      1.23
      1.15
      1.08
      1.04
      1.01
         1
      1.01
      1.04
      1.08
      1.15
      1.23
      1.33
      1.46
       1.6
      1.77
      1.96
      2.18
      2.42
      2.69
         3
      3.33
      3.69
      4.07
      4.49
      4.93
      5.39
      5.86
      6.34
      6.83
      7.57
      9.04
      10.5
        12
      13.5
      14.9
      16.4
      17.9
      19.3
      19.3
      17.9
      16.4
      14.9
      13.5
        12
      10.5
      9.05
      7.58
      6.85
      6.36
      5.88
      5.41
      4.95
      4.51
       4.1
      3.71
      3.35
      3.02
      2.72
      2.44
       2.2
      1.98
      1.79
      1.63
      1.48
      1.36
      1.25
      1.17
      1.11
      1.06
      1.04
      1.03
      1.04
      1.06
      1.11
      1.17
      1.25
      1.36
      1.48
      1.63
      1.79
      1.98
       2.2
      2.44
      2.72
      3.02
      3.35
      3.71
       4.1
      4.51
      4.95
      5.41
      5.88
      6.36
      6.85
      7.58
      9.05
      10.5
        12
      13.5
      14.9
      16.4
      17.9
      19.3
      19.3
      17.9
      16.4
      14.9
      13.5
        12
      10.5
      9.07
       7.6
      6.87
      6.38
       5.9
      5.43
      4.97
      4.53
      4.12
      3.73
      3.37
      3.04
      2.74
      2.47
      2.23
      2.01
      1.82
      1.65
      1.51
      1.38
      1.28
       1.2
      1.13
      1.09
      1.06
      1.05
      1.06
      1.09
      1.13
       1.2
      1.28
      1.38
      1.51
      1.65
      1.82
      2.01
      2.23
      2.47
      2.74
      3.04
      3.37
      3.73
      4.12
      4.53
      4.97
      5.43
       5.9
      6.38
      6.87
       7.6
      9.07
      10.5
        12
      13.5
      14.9
      16.4
      17.9
      19.3
      19.3
      17.9
      16.4
      14.9
      13.5
        12
      10.6
      9.09
      7.62
      6.89
       6.4
      5.92
      5.45
      4.99
      4.56
      4.14
      3.75
      3.39
      3.06
      2.76
      2.49
      2.25
      2.03
      1.84
      1.68
      1.53
      1.41
      1.31
      1.22
      1.16
      1.11
      1.09
      1.08
      1.09
      1.11
      1.16
      1.22
      1.31
      1.41
      1.53
      1.68
      1.84
      2.03
      2.25
      2.49
      2.76
      3.06
      3.39
      3.75
      4.14
      4.56
      4.99
      5.45
      5.92
       6.4
      6.89
      7.62
      9.09
      10.6
        12
      13.5
      14.9
      16.4
      17.9
      19.3
      19.3
      17.9
      16.4
        15
      13.5
        12
      10.6
      9.11
      7.64
      6.91
      6.43
      5.95
      5.47
      5.02
      4.58
      4.17
      3.78
      3.42
      3.09
      2.79
      2.52
      2.28
      2.06
      1.87
       1.7
      1.56
      1.44
      1.34
      1.25
      1.19
      1.14
      1.12
      1.11
      1.12
      1.14
      1.19
      1.25
      1.34
      1.44
      1.56
       1.7
      1.87
      2.06
      2.28
      2.52
      2.79
      3.09
      3.42
      3.78
      4.17
      4.58
      5.02
      5.47
      5.95
      6.43
      6.91
      7.64
      9.11
      10.6
        12
      13.5
        15
      16.4
      17.9
      19.3
      19.3
      17.9
      16.4
        15
      13.5
        12
      10.6
      9.13
      7.67
      6.94
      6.45
      5.97
       5.5
      5.04
      4.61
      4.19
      3.81
      3.45
      3.12
      2.82
      2.55
      2.31
      2.09
       1.9
      1.74
      1.59
      1.47
      1.37
      1.28
      1.22
      1.18
      1.15
      1.14
      1.15
      1.18
      1.22
      1.28
      1.37
      1.47
      1.59
      1.74
       1.9
      2.09
      2.31
      2.55
      2.82
      3.12
      3.45
      3.81
      4.19
      4.61
      5.04
       5.5
      5.97
      6.45
      6.94
      7.67
      9.13
      10.6
        12
      13.5
        15
      16.4
      17.9
      19.3
      19.3
      17.9
      16.4
        15
      13.5
      12.1
      10.6
      9.15
      7.69
      6.96
      6.48
         6
      5.53
      5.07
      4.64
      4.22
      3.84
      3.48
      3.15
      2.85
      2.58
      2.34
      2.12
      1.93
      1.77
      1.62
       1.5
       1.4
      1.32
      1.25
      1.21
      1.18
      1.17
      1.18
      1.21
      1.25
      1.32
       1.4
       1.5
      1.62
      1.77
      1.93
      2.12
      2.34
      2.58
      2.85
      3.15
      3.48
      3.84
      4.22
      4.64
      5.07
      5.53
         6
      6.48
      6.96
      7.69
      9.15
      10.6
      12.1
      13.5
        15
      16.4
      17.9
      19.3
      19.3
      17.9
      16.4
        15
      13.5
      12.1
      10.6
      9.17
      7.72
      6.99
      6.51
      6.03
      5.56
      5.11
      4.67
      4.26
      3.87
      3.51
      3.19
      2.89
      2.62
      2.38
      2.16
      1.97
       1.8
      1.66
      1.54
      1.44
      1.35
      1.29
      1.25
      1.22
      1.21
      1.22
      1.25
      1.29
      1.35
      1.44
      1.54
      1.66
       1.8
      1.97
      2.16
      2.38
      2.62
      2.89
      3.19
      3.51
      3.87
      4.26
      4.67
      5.11
      5.56
      6.03
      6.51
      6.99
      7.72
      9.17
      10.6
      12.1
      13.5
        15
      16.4
      17.9
      19.3
      19.3
      17.9
      16.4
        15
      13.5
      12.1
      10.7
       9.2
      7.75
      7.02
      6.54
      6.06
      5.59
      5.14
       4.7
      4.29
      3.91
      3.55
      3.22
      2.92
      2.65
      2.41
       2.2
      2.01
      1.84
       1.7
      1.58
      1.48
      1.39
      1.33
      1.29
      1.26
      1.25
      1.26
      1.29
      1.33
      1.39
      1.48
      1.58
       1.7
      1.84
      2.01
       2.2
      2.41
      2.65
      2.92
      3.22
      3.55
      3.91
      4.29
       4.7
      5.14
      5.59
      6.06
      6.54
      7.02
      7.75
       9.2
      10.7
      12.1
      13.5
        15
      16.4
      17.9
      19.3
      19.3
      17.9
      16.5
        15
      13.6
      12.1
      10.7
      9.23
      7.78
      7.06
      6.58
       6.1
      5.63
      5.18
      4.74
      4.33
      3.95
      3.59
      3.26
      2.96
       2.7
      2.45
      2.24
      2.05
      1.89
      1.74
      1.62
      1.52
      1.44
      1.37
      1.33
       1.3
       1.3
       1.3
      1.33
      1.37
      1.44
      1.52
      1.62
      1.74
      1.89
      2.05
      2.24
      2.45
       2.7
      2.96
      3.26
      3.59
      3.95
      4.33
      4.74
      5.18
      5.63
       6.1
      6.58
      7.06
      7.78
      9.23
      10.7
      12.1
      13.6
        15
      16.5
      17.9
      19.3
      19.3
      17.9
      16.5
        15
      13.6
      12.1
      10.7
      9.26
      7.82
       7.1
      6.62
      6.14
      5.67
      5.22
      4.79
      4.37
      3.99
      3.63
      3.31
      3.01
      2.74
       2.5
      2.29
       2.1
      1.93
      1.79
      1.67
      1.57
      1.49
      1.42
      1.38
      1.35
      1.34
      1.35
      1.38
      1.42
      1.49
      1.57
      1.67
      1.79
      1.93
       2.1
      2.29
       2.5
      2.74
      3.01
      3.31
      3.63
      3.99
      4.37
      4.79
      5.22
      5.67
      6.14
      6.62
       7.1
      7.82
      9.26
      10.7
      12.1
      13.6
        15
      16.5
      17.9
      19.3
      19.3
      17.9
      16.5
        15
      13.6
      12.2
      10.7
       9.3
      7.86
      7.14
      6.66
      6.19
      5.72
      5.27
      4.83
      4.42
      4.04
      3.68
      3.35
      3.06
      2.79
      2.55
      2.34
      2.15
      1.98
      1.84
      1.72
      1.62
      1.54
      1.48
      1.43
      1.41
       1.4
      1.41
      1.43
      1.48
      1.54
      1.62
      1.72
      1.84
      1.98
      2.15
      2.34
      2.55
      2.79
      3.06
      3.35
      3.68
      4.04
      4.42
      4.83
      5.27
      5.72
      6.19
      6.66
      7.14
      7.86
       9.3
      10.7
      12.2
      13.6
        15
      16.5
      17.9
      19.3
      19.3
      17.9
      16.5
      15.1
      13.6
      12.2
      10.8
      9.34
      7.91
      7.19
      6.71
      6.24
      5.77
      5.32
      4.89
      4.48
      4.09
      3.73
      3.41
      3.11
      2.84
       2.6
      2.39
       2.2
      2.04
       1.9
      1.78
      1.68
       1.6
      1.54
      1.49
      1.47
      1.46
      1.47
      1.49
      1.54
       1.6
      1.68
      1.78
       1.9
      2.04
       2.2
      2.39
       2.6
      2.84
      3.11
      3.41
      3.73
      4.09
      4.48
      4.89
      5.32
      5.77
      6.24
      6.71
      7.19
      7.91
      9.34
      10.8
      12.2
      13.6
      15.1
      16.5
      17.9
      19.3
      19.3
      17.9
      16.5
      15.1
      13.7
      12.2
      10.8
      9.39
      7.96
      7.25
      6.77
       6.3
      5.83
      5.38
      4.95
      4.53
      4.15
      3.79
      3.47
      3.17
       2.9
      2.66
      2.45
      2.27
       2.1
      1.96
      1.84
      1.74
      1.66
       1.6
      1.56
      1.53
      1.52
      1.53
      1.56
       1.6
      1.66
      1.74
      1.84
      1.96
       2.1
      2.27
      2.45
      2.66
       2.9
      3.17
      3.47
      3.79
      4.15
      4.53
      4.95
      5.38
      5.83
       6.3
      6.77
      7.25
      7.96
      9.39
      10.8
      12.2
      13.7
      15.1
      16.5
      17.9
      19.3
      19.3
      17.9
      16.5
      15.1
      13.7
      12.3
      10.9
      9.45
      8.02
      7.31
      6.84
      6.36
       5.9
      5.45
      5.01
       4.6
      4.22
      3.86
      3.54
      3.24
      2.97
      2.73
      2.52
      2.34
      2.17
      2.03
      1.92
      1.82
      1.74
      1.68
      1.63
      1.61
       1.6
      1.61
      1.63
      1.68
      1.74
      1.82
      1.92
      2.03
      2.17
      2.34
      2.52
      2.73
      2.97
      3.24
      3.54
      3.86
      4.22
       4.6
      5.01
      5.45
       5.9
      6.36
      6.84
      7.31
      8.02
      9.45
      10.9
      12.3
      13.7
      15.1
      16.5
      17.9
      19.3
      19.3
      17.9
      16.5
      15.1
      13.7
      12.3
      10.9
      9.51
       8.1
      7.39
      6.91
      6.44
      5.98
      5.52
      5.09
      4.68
      4.29
      3.94
      3.61
      3.32
      3.05
      2.81
       2.6
      2.42
      2.25
      2.12
         2
       1.9
      1.82
      1.76
      1.72
      1.69
      1.69
      1.69
      1.72
      1.76
      1.82
       1.9
         2
      2.12
      2.25
      2.42
       2.6
      2.81
      3.05
      3.32
      3.61
      3.94
      4.29
      4.68
      5.09
      5.52
      5.98
      6.44
      6.91
      7.39
       8.1
      9.51
      10.9
      12.3
      13.7
      15.1
      16.5
      17.9
      19.3
      19.3
        18
      16.6
      15.2
      13.8
      12.4
        11
      9.59
      8.18
      7.48
         7
      6.53
      6.07
      5.61
      5.18
      4.77
      4.38
      4.02
       3.7
       3.4
      3.14
       2.9
      2.69
      2.51
      2.35
      2.21
      2.09
         2
      1.92
      1.86
      1.82
      1.79
      1.79
      1.79
      1.82
      1.86
      1.92
         2
      2.09
      2.21
      2.35
      2.51
      2.69
       2.9
      3.14
       3.4
       3.7
      4.02
      4.38
      4.77
      5.18
      5.61
      6.07
      6.53
         7
      7.48
      8.18
      9.59
        11
      12.4
      13.8
      15.2
      16.6
        18
      19.3
      19.3
        18
      16.6
      15.2
      13.8
      12.5
      11.1
      9.67
      8.28
      7.58
      7.11
      6.64
      6.17
      5.72
      5.28
      4.87
      4.48
      4.13
       3.8
       3.5
      3.24
         3
      2.79
      2.61
      2.45
      2.32
      2.21
      2.11
      2.03
      1.98
      1.94
      1.91
       1.9
      1.91
      1.94
      1.98
      2.03
      2.11
      2.21
      2.32
      2.45
      2.61
      2.79
         3
      3.24
       3.5
       3.8
      4.13
      4.48
      4.87
      5.28
      5.72
      6.17
      6.64
      7.11
      7.58
      8.28
      9.67
      11.1
      12.5
      13.8
      15.2
      16.6
        18
      19.3
      19.3
        18
      16.6
      15.3
      13.9
      12.5
      11.2
      9.78
       8.4
       7.7
      7.23
      6.76
       6.3
      5.84
      5.41
      4.99
       4.6
      4.24
      3.92
      3.62
      3.36
      3.12
      2.92
      2.74
      2.58
      2.45
      2.34
      2.24
      2.17
      2.11
      2.07
      2.05
      2.04
      2.05
      2.07
      2.11
      2.17
      2.24
      2.34
      2.45
      2.58
      2.74
      2.92
      3.12
      3.36
      3.62
      3.92
      4.24
       4.6
      4.99
      5.41
      5.84
       6.3
      6.76
      7.23
       7.7
       8.4
      9.78
      11.2
      12.5
      13.9
      15.3
      16.6
        18
      19.3
      19.3
        18
      16.7
      15.3
        14
      12.6
      11.3
       9.9
      8.54
      7.85
      7.39
      6.92
      6.45
      5.99
      5.55
      5.14
      4.75
      4.39
      4.06
      3.76
       3.5
      3.27
      3.06
      2.89
      2.73
       2.6
      2.49
       2.4
      2.33
      2.28
      2.24
      2.22
      2.21
      2.22
      2.24
      2.28
      2.33
       2.4
      2.49
       2.6
      2.73
      2.89
      3.06
      3.27
       3.5
      3.76
      4.06
      4.39
      4.75
      5.14
      5.55
      5.99
      6.45
      6.92
      7.39
      7.85
      8.54
       9.9
      11.3
      12.6
        14
      15.3
      16.7
        18
      19.3
      19.3
        18
      16.7
      15.4
        14
      12.7
      11.4
      10.1
      8.71
      8.03
      7.57
      7.11
      6.64
      6.18
      5.73
      5.31
      4.92
      4.56
      4.23
      3.93
      3.67
      3.44
      3.24
      3.07
      2.92
      2.79
      2.68
       2.6
      2.53
      2.48
      2.44
      2.42
      2.41
      2.42
      2.44
      2.48
      2.53
       2.6
      2.68
      2.79
      2.92
      3.07
      3.24
      3.44
      3.67
      3.93
      4.23
      4.56
      4.92
      5.31
      5.73
      6.18
      6.64
      7.11
      7.57
      8.03
      8.71
      10.1
      11.4
      12.7
        14
      15.4
      16.7
        18
      19.3
      19.3
        18
      16.7
      15.4
      14.1
      12.8
      11.5
      10.2
      8.92
      8.26
       7.8
      7.34
      6.87
      6.41
      5.96
      5.53
      5.14
      4.77
      4.44
      4.15
      3.89
      3.66
      3.46
      3.29
      3.15
      3.02
      2.92
      2.84
      2.77
      2.72
      2.69
      2.67
      2.66
      2.67
      2.69
      2.72
      2.77
      2.84
      2.92
      3.02
      3.15
      3.29
      3.46
      3.66
      3.89
      4.15
      4.44
      4.77
      5.14
      5.53
      5.96
      6.41
      6.87
      7.34
       7.8
      8.26
      8.92
      10.2
      11.5
      12.8
      14.1
      15.4
      16.7
        18
      19.3
      19.3
        18
      16.8
      15.5
      14.2
      12.9
      11.7
      10.4
      9.17
      8.54
       8.1
      7.64
      7.17
       6.7
      6.25
      5.81
      5.41
      5.04
      4.71
      4.42
      4.16
      3.94
      3.74
      3.58
      3.44
      3.32
      3.23
      3.15
      3.09
      3.04
      3.01
      2.99
      2.98
      2.99
      3.01
      3.04
      3.09
      3.15
      3.23
      3.32
      3.44
      3.58
      3.74
      3.94
      4.16
      4.42
      4.71
      5.04
      5.41
      5.81
      6.25
       6.7
      7.17
      7.64
       8.1
      8.54
      9.17
      10.4
      11.7
      12.9
      14.2
      15.5
      16.8
        18
      19.3
      19.3
        18
      16.8
      15.5
      14.2
        13
      11.8
      10.6
      9.46
       8.9
      8.48
      8.03
      7.56
      7.09
      6.63
      6.19
      5.78
      5.41
      5.08
      4.78
      4.53
      4.31
      4.12
      3.96
      3.83
      3.72
      3.63
      3.55
       3.5
      3.45
      3.42
       3.4
       3.4
       3.4
      3.42
      3.45
       3.5
      3.55
      3.63
      3.72
      3.83
      3.96
      4.12
      4.31
      4.53
      4.78
      5.08
      5.41
      5.78
      6.19
      6.63
      7.09
      7.56
      8.03
      8.48
       8.9
      9.46
      10.6
      11.8
        13
      14.2
      15.5
      16.8
        18
      19.3
      19.3
        18
      16.7
      15.5
      14.2
        13
      11.9
      10.7
      9.66
      9.14
      8.73
      8.29
      7.83
      7.35
      6.89
      6.45
      6.03
      5.66
      5.32
      5.03
      4.78
      4.56
      4.38
      4.23
       4.1
      3.99
      3.91
      3.84
      3.78
      3.74
      3.72
       3.7
      3.69
       3.7
      3.72
      3.74
      3.78
      3.84
      3.91
      3.99
       4.1
      4.23
      4.38
      4.56
      4.78
      5.03
      5.32
      5.66
      6.03
      6.45
      6.89
      7.35
      7.83
      8.29
      8.73
      9.14
      9.66
      10.7
      11.9
        13
      14.2
      15.5
      16.7
        18
      19.3
      19.3
      17.9
      16.6
      15.3
      14.1
      12.9
      11.8
      10.8
      9.77
      9.28
      8.89
      8.46
         8
      7.53
      7.07
      6.62
      6.21
      5.84
       5.5
      5.21
      4.96
      4.75
      4.57
      4.42
       4.3
      4.19
      4.11
      4.05
         4
      3.96
      3.93
      3.92
      3.91
      3.92
      3.93
      3.96
         4
      4.05
      4.11
      4.19
       4.3
      4.42
      4.57
      4.75
      4.96
      5.21
       5.5
      5.84
      6.21
      6.62
      7.07
      7.53
         8
      8.46
      8.89
      9.28
      9.77
      10.8
      11.8
      12.9
      14.1
      15.3
      16.6
      17.9
      19.3
      19.3
      17.7
      16.3
        15
      13.8
      12.7
      11.7
      10.7
      9.79
      9.34
      8.98
      8.57
      8.12
      7.66
       7.2
      6.76
      6.35
      5.98
      5.64
      5.35
      5.11
       4.9
      4.72
      4.57
      4.45
      4.36
      4.28
      4.21
      4.17
      4.13
      4.11
      4.09
      4.09
      4.09
      4.11
      4.13
      4.17
      4.21
      4.28
      4.36
      4.45
      4.57
      4.72
       4.9
      5.11
      5.35
      5.64
      5.98
      6.35
      6.76
       7.2
      7.66
      8.12
      8.57
      8.98
      9.34
      9.79
      10.7
      11.7
      12.7
      13.8
        15
      16.3
      17.7
      19.3
      19.3
        17
      15.5
      14.3
      13.2
      12.3
      11.4
      10.6
      9.74
      9.34
      9.01
      8.62
      8.19
      7.75
       7.3
      6.87
      6.46
      6.09
      5.76
      5.48
      5.23
      5.02
      4.85
      4.71
      4.59
      4.49
      4.42
      4.36
      4.31
      4.27
      4.25
      4.24
      4.23
      4.24
      4.25
      4.27
      4.31
      4.36
      4.42
      4.49
      4.59
      4.71
      4.85
      5.02
      5.23
      5.48
      5.76
      6.09
      6.46
      6.87
       7.3
      7.75
      8.19
      8.62
      9.01
      9.34
      9.74
      10.6
      11.4
      12.3
      13.2
      14.3
      15.5
        17
      19.3
      14.1
      14.1
      13.7
        13
      12.4
      11.7
        11
      10.3
      9.63
       9.3
      9.01
      8.65
      8.24
      7.81
      7.38
      6.96
      6.56
       6.2
      5.88
      5.59
      5.35
      5.14
      4.97
      4.83
      4.71
      4.62
      4.54
      4.48
      4.44
       4.4
      4.38
      4.37
      4.36
      4.37
      4.38
       4.4
      4.44
      4.48
      4.54
      4.62
      4.71
      4.83
      4.97
      5.14
      5.35
      5.59
      5.88
       6.2
      6.56
      6.96
      7.38
      7.81
      8.24
      8.65
      9.01
       9.3
      9.63
      10.3
        11
      11.7
      12.4
        13
      13.7
      14.1
      14.1
      12.5
      12.5
      12.3
        12
      11.6
      11.1
      10.6
        10
      9.51
      9.24
      8.98
      8.65
      8.28
      7.87
      7.45
      7.04
      6.66
       6.3
      5.98
       5.7
      5.46
      5.26
      5.09
      4.95
      4.83
      4.74
      4.66
       4.6
      4.56
      4.53
       4.5
      4.49
      4.49
      4.49
       4.5
      4.53
      4.56
       4.6
      4.66
      4.74
      4.83
      4.95
      5.09
      5.26
      5.46
       5.7
      5.98
       6.3
      6.66
      7.04
      7.45
      7.87
      8.28
      8.65
      8.98
      9.24
      9.51
        10
      10.6
      11.1
      11.6
        12
      12.3
      12.5
      12.5
      11.5
      11.5
      11.4
      11.2
      10.9
      10.6
      10.2
      9.81
      9.39
      9.18
      8.96
      8.66
       8.3
      7.92
      7.52
      7.12
      6.75
       6.4
      6.09
      5.81
      5.58
      5.38
      5.21
      5.07
      4.95
      4.86
      4.78
      4.72
      4.68
      4.64
      4.62
      4.61
       4.6
      4.61
      4.62
      4.64
      4.68
      4.72
      4.78
      4.86
      4.95
      5.07
      5.21
      5.38
      5.58
      5.81
      6.09
       6.4
      6.75
      7.12
      7.52
      7.92
       8.3
      8.66
      8.96
      9.18
      9.39
      9.81
      10.2
      10.6
      10.9
      11.2
      11.4
      11.5
      11.5
      10.8
      10.8
      10.8
      10.6
      10.4
      10.2
      9.92
      9.61
       9.3
      9.14
      8.94
      8.66
      8.33
      7.97
      7.59
       7.2
      6.84
       6.5
       6.2
      5.92
      5.69
      5.49
      5.32
      5.18
      5.07
      4.97
       4.9
      4.84
       4.8
      4.76
      4.74
      4.73
      4.72
      4.73
      4.74
      4.76
       4.8
      4.84
       4.9
      4.97
      5.07
      5.18
      5.32
      5.49
      5.69
      5.92
       6.2
       6.5
      6.84
       7.2
      7.59
      7.97
      8.33
      8.66
      8.94
      9.14
       9.3
      9.61
      9.92
      10.2
      10.4
      10.6
      10.8
      10.8
      10.8
      10.4
      10.4
      10.3
      10.2
      10.1
      9.91
       9.7
      9.47
      9.23
      9.11
      8.93
      8.68
      8.37
      8.02
      7.66
      7.29
      6.93
       6.6
       6.3
      6.04
       5.8
      5.61
      5.44
       5.3
      5.18
      5.09
      5.02
      4.96
      4.91
      4.88
      4.86
      4.84
      4.84
      4.84
      4.86
      4.88
      4.91
      4.96
      5.02
      5.09
      5.18
       5.3
      5.44
      5.61
       5.8
      6.04
       6.3
       6.6
      6.93
      7.29
      7.66
      8.02
      8.37
      8.68
      8.93
      9.11
      9.23
      9.47
       9.7
      9.91
      10.1
      10.2
      10.3
      10.4
      10.4
      10.1
      10.1
        10
      9.94
      9.84
      9.71
      9.55
      9.38
      9.19
       9.1
      8.94
      8.71
      8.42
      8.08
      7.73
      7.37
      7.03
       6.7
      6.41
      6.15
      5.92
      5.72
      5.55
      5.42
       5.3
      5.21
      5.13
      5.07
      5.03
      4.99
      4.97
      4.96
      4.95
      4.96
      4.97
      4.99
      5.03
      5.07
      5.13
      5.21
       5.3
      5.42
      5.55
      5.72
      5.92
      6.15
      6.41
       6.7
      7.03
      7.37
      7.73
      8.08
      8.42
      8.71
      8.94
       9.1
      9.19
      9.38
      9.55
      9.71
      9.84
      9.94
        10
      10.1
      10.1
      9.83
      9.83
       9.8
      9.75
      9.67
      9.57
      9.46
      9.32
      9.18
      9.11
      8.97
      8.75
      8.47
      8.15
      7.81
      7.46
      7.12
      6.81
      6.52
      6.26
      6.03
      5.84
      5.67
      5.53
      5.42
      5.33
      5.25
      5.19
      5.15
      5.11
      5.09
      5.07
      5.07
      5.07
      5.09
      5.11
      5.15
      5.19
      5.25
      5.33
      5.42
      5.53
      5.67
      5.84
      6.03
      6.26
      6.52
      6.81
      7.12
      7.46
      7.81
      8.15
      8.47
      8.75
      8.97
      9.11
      9.18
      9.32
      9.46
      9.57
      9.67
      9.75
       9.8
      9.83
      9.83
      9.69
      9.69
      9.67
      9.63
      9.57
       9.5
       9.4
       9.3
      9.19
      9.13
      9.01
       8.8
      8.54
      8.23
      7.89
      7.56
      7.22
      6.91
      6.63
      6.37
      6.15
      5.95
      5.79
      5.65
      5.54
      5.44
      5.37
      5.31
      5.26
      5.23
       5.2
      5.19
      5.19
      5.19
       5.2
      5.23
      5.26
      5.31
      5.37
      5.44
      5.54
      5.65
      5.79
      5.95
      6.15
      6.37
      6.63
      6.91
      7.22
      7.56
      7.89
      8.23
      8.54
       8.8
      9.01
      9.13
      9.19
       9.3
       9.4
       9.5
      9.57
      9.63
      9.67
      9.69
      9.69
      9.61
      9.61
      9.59
      9.56
      9.52
      9.46
      9.39
      9.31
      9.22
      9.18
      9.06
      8.87
      8.61
      8.31
      7.98
      7.65
      7.33
      7.02
      6.74
      6.48
      6.26
      6.07
      5.91
      5.77
      5.65
      5.56
      5.49
      5.43
      5.38
      5.35
      5.32
      5.31
       5.3
      5.31
      5.32
      5.35
      5.38
      5.43
      5.49
      5.56
      5.65
      5.77
      5.91
      6.07
      6.26
      6.48
      6.74
      7.02
      7.33
      7.65
      7.98
      8.31
      8.61
      8.87
      9.06
      9.18
      9.22
      9.31
      9.39
      9.46
      9.52
      9.56
      9.59
      9.61
      9.61
      9.58
      9.58
      9.56
      9.54
       9.5
      9.46
       9.4
      9.34
      9.27
      9.24
      9.13
      8.94
      8.69
       8.4
      8.08
      7.75
      7.43
      7.13
      6.85
       6.6
      6.38
      6.19
      6.02
      5.89
      5.77
      5.68
       5.6
      5.54
       5.5
      5.46
      5.44
      5.42
      5.42
      5.42
      5.44
      5.46
       5.5
      5.54
       5.6
      5.68
      5.77
      5.89
      6.02
      6.19
      6.38
       6.6
      6.85
      7.13
      7.43
      7.75
      8.08
       8.4
      8.69
      8.94
      9.13
      9.24
      9.27
      9.34
       9.4
      9.46
       9.5
      9.54
      9.56
      9.58
      9.58
      9.58
      9.58
      9.57
      9.55
      9.52
      9.48
      9.44
      9.39
      9.34
      9.31
      9.21
      9.02
      8.78
      8.49
      8.18
      7.86
      7.54
      7.24
      6.96
      6.71
      6.49
       6.3
      6.14
         6
      5.89
       5.8
      5.72
      5.66
      5.61
      5.58
      5.55
      5.54
      5.53
      5.54
      5.55
      5.58
      5.61
      5.66
      5.72
       5.8
      5.89
         6
      6.14
       6.3
      6.49
      6.71
      6.96
      7.24
      7.54
      7.86
      8.18
      8.49
      8.78
      9.02
      9.21
      9.31
      9.34
      9.39
      9.44
      9.48
      9.52
      9.55
      9.57
      9.58
      9.58
       9.6
       9.6
       9.6
      9.58
      9.56
      9.53
      9.49
      9.46
      9.41
      9.39
      9.29
      9.11
      8.87
      8.59
      8.28
      7.96
      7.65
      7.35
      7.08
      6.83
      6.61
      6.42
      6.26
      6.12
      6.01
      5.91
      5.84
      5.78
      5.73
      5.69
      5.67
      5.65
      5.65
      5.65
      5.67
      5.69
      5.73
      5.78
      5.84
      5.91
      6.01
      6.12
      6.26
      6.42
      6.61
      6.83
      7.08
      7.35
      7.65
      7.96
      8.28
      8.59
      8.87
      9.11
      9.29
      9.39
      9.41
      9.46
      9.49
      9.53
      9.56
      9.58
       9.6
       9.6
       9.6
      9.65
      9.65
      9.65
      9.64
      9.62
      9.59
      9.57
      9.53
       9.5
      9.48
      9.39
      9.21
      8.97
      8.69
      8.39
      8.07
      7.76
      7.47
      7.19
      6.95
      6.73
      6.54
      6.38
      6.24
      6.12
      6.03
      5.95
      5.89
      5.84
      5.81
      5.78
      5.77
      5.76
      5.77
      5.78
      5.81
      5.84
      5.89
      5.95
      6.03
      6.12
      6.24
      6.38
      6.54
      6.73
      6.95
      7.19
      7.47
      7.76
      8.07
      8.39
      8.69
      8.97
      9.21
      9.39
      9.48
       9.5
      9.53
      9.57
      9.59
      9.62
      9.64
      9.65
      9.65
      9.65
      9.72
      9.72
      9.72
      9.71
      9.69
      9.67
      9.65
      9.62
      9.59
      9.58
      9.49
      9.31
      9.08
       8.8
       8.5
      8.19
      7.88
      7.58
      7.31
      7.06
      6.85
      6.66
      6.49
      6.36
      6.24
      6.14
      6.07
         6
      5.95
      5.92
      5.89
      5.88
      5.87
      5.88
      5.89
      5.92
      5.95
         6
      6.07
      6.14
      6.24
      6.36
      6.49
      6.66
      6.85
      7.06
      7.31
      7.58
      7.88
      8.19
       8.5
       8.8
      9.08
      9.31
      9.49
      9.58
      9.59
      9.62
      9.65
      9.67
      9.69
      9.71
      9.72
      9.72
      9.72
       9.8
       9.8
       9.8
      9.79
      9.78
      9.76
      9.74
      9.72
       9.7
      9.69
      9.59
      9.42
      9.19
      8.92
      8.62
       8.3
         8
       7.7
      7.43
      7.18
      6.97
      6.78
      6.61
      6.47
      6.36
      6.26
      6.18
      6.11
      6.06
      6.03
         6
      5.98
      5.98
      5.98
         6
      6.03
      6.06
      6.11
      6.18
      6.26
      6.36
      6.47
      6.61
      6.78
      6.97
      7.18
      7.43
       7.7
         8
       8.3
      8.62
      8.92
      9.19
      9.42
      9.59
      9.69
       9.7
      9.72
      9.74
      9.76
      9.78
      9.79
       9.8
       9.8
       9.8
       9.9
       9.9
       9.9
      9.89
      9.88
      9.86
      9.85
      9.83
      9.81
       9.8
      9.71
      9.54
      9.31
      9.03
      8.73
      8.42
      8.12
      7.83
      7.55
      7.31
      7.09
       6.9
      6.73
      6.59
      6.47
      6.37
      6.29
      6.22
      6.17
      6.13
       6.1
      6.08
      6.08
      6.08
       6.1
      6.13
      6.17
      6.22
      6.29
      6.37
      6.47
      6.59
      6.73
       6.9
      7.09
      7.31
      7.55
      7.83
      8.12
      8.42
      8.73
      9.03
      9.31
      9.54
      9.71
       9.8
      9.81
      9.83
      9.85
      9.86
      9.88
      9.89
       9.9
       9.9
       9.9
        10
        10
        10
        10
      9.99
      9.97
      9.96
      9.94
      9.92
      9.91
      9.82
      9.66
      9.43
      9.16
      8.86
      8.55
      8.25
      7.95
      7.68
      7.44
      7.22
      7.02
      6.85
      6.71
      6.59
      6.48
      6.39
      6.32
      6.26
      6.22
      6.19
      6.17
      6.17
      6.17
      6.19
      6.22
      6.26
      6.32
      6.39
      6.48
      6.59
      6.71
      6.85
      7.02
      7.22
      7.44
      7.68
      7.95
      8.25
      8.55
      8.86
      9.16
      9.43
      9.66
      9.82
      9.91
      9.92
      9.94
      9.96
      9.97
      9.99
        10
        10
        10
        10
      10.1
      10.1
      10.1
      10.1
      10.1
      10.1
      10.1
      10.1
        10
        10
      9.94
      9.78
      9.55
      9.28
      8.99
      8.68
      8.38
      8.09
      7.82
      7.57
      7.35
      7.15
      6.98
      6.83
       6.7
      6.59
      6.49
      6.41
      6.35
       6.3
      6.27
      6.25
      6.24
      6.25
      6.27
       6.3
      6.35
      6.41
      6.49
      6.59
       6.7
      6.83
      6.98
      7.15
      7.35
      7.57
      7.82
      8.09
      8.38
      8.68
      8.99
      9.28
      9.55
      9.78
      9.94
        10
        10
      10.1
      10.1
      10.1
      10.1
      10.1
      10.1
      10.1
      10.1
      10.2
      10.2
      10.2
      10.2
      10.2
      10.2
      10.2
      10.2
      10.2
      10.2
      10.1
      9.91
      9.68
      9.42
      9.13
      8.83
      8.53
      8.24
      7.97
      7.73
       7.5
       7.3
      7.11
      6.95
      6.81
      6.69
      6.58
      6.49
      6.41
      6.36
      6.32
      6.29
      6.28
      6.29
      6.32
      6.36
      6.41
      6.49
      6.58
      6.69
      6.81
      6.95
      7.11
       7.3
       7.5
      7.73
      7.97
      8.24
      8.53
      8.83
      9.13
      9.42
      9.68
      9.91
      10.1
      10.2
      10.2
      10.2
      10.2
      10.2
      10.2
      10.2
      10.2
      10.2
      10.2
